C name=rnd_5_225_30.vlp, rows=30, cols=225, objs=5
C vertices=1448, facets=14997

V  307 469 482 465 521
V  523 925 128 570 698
V  758 604 605 152 733
V  132 838 780 778 1006
V  759 231 778 367 910
V  604 644 163 354 913
V  418 520 511 248 733
V  469 905 136 449 774
V  705 744 700 367 291
V  200 597 651 837 519
V  753 337 780 341 488
V  610 569 472 295 422
V  225 588 292 763 706
V  504 580 162 759 662
V  214 814 471 359 760
V  195 350 623 584 690
V  355 757 155 840 563
V  481 740 428 216 733
V  393 601 184 561 884
V  453 696 279 494 475
V  346 399 369 784 488
V  260 826 321 560 560
V  165 779 570 782 701
V  445 368 291 844 613
V  701 367 847 223 692
V  667 718 294 270 854
V  675 729 297 820 328
V  713 162 811 859 711
V  578 673 146 622 700
V  681 782 786 621 202
V  507 231 545 482 792
V  689 478 375 291 736
V  689 185 686 604 637
V  270 528 367 429 861
V  400 672 552 431 346
V  367 945 143 611 650
V  643 398 438 431 481
V  469 546 225 821 446
V  346 741 525 233 731
V  295 997 185 767 710
V  585 405 255 488 663
V  709 391 665 889 269
V  809 552 708 325 335
V  323 222 668 727 624
V  508 587 224 361 666
V  672 356 397 911 414
V  283 423 470 745 432
V  628 707 703 431 248
V  252 326 519 641 804
V  295 349 725 543 490
V  291 501 408 630 435
V  401 413 298 648 622
V  554 646 462 205 664
V  189 711 552 380 849
V  671 460 459 506 350
V  548 568 164 509 880
V  218 601 689 548 519
V  530 717 490 666 238
V  566 198 419 618 723
V  398 462 813 334 476
V  472 478 281 425 742
V  369 491 537 458 424
V  398 267 686 486 680
V  365 884 286 361 655
V  710 590 592 653 222
V  245 435 591 431 568
V  421 484 208 768 779
V  566 834 800 601 207
V  410 581 297 313 773
V  508 397 323 495 570
V  441 564 535 275 539
V  733 224 602 415 817
V  469 274 368 683 675
V  305 233 629 743 673
V  287 772 239 839 535
V  689 251 720 848 386
V  316 569 399 359 654
V  553 171 816 783 642
V  236 459 709 651 464
V  559 526 689 556 279
V  560 683 593 419 272
V  507 752 180 798 450
V  184 661 412 629 710
V  468 656 604 183 720
V  732 482 696 228 490
V  162 495 650 717 805
V  643 603 336 256 774
V  810 358 812 641 330
V  151 854 618 614 978
V  449 924 145 625 584
V  607 351 646 380 484
V  556 427 487 428 436
V  359 705 337 314 716
V  275 862 266 469 750
V  712 514 163 740 736
V  698 835 775 353 303
V  460 490 442 297 670
V  415 247 667 563 581
V  639 308 865 303 607
V  366 414 658 371 523
V  471 708 435 377 391
V  685 251 495 868 490
V  630 318 868 261 778
V  670 167 815 597 783
V  680 306 735 556 422
V  333 517 307 593 564
V  664 235 705 501 558
V  587 767 386 508 316
V  580 171 594 789 605
V  572 277 602 591 479
V  573 530 649 176 679
V  361 533 485 584 336
V  473 439 304 652 478
V  716 276 709 377 608
V  735 388 891 367 420
V  431 589 556 378 395
V  313 247 574 651 719
V  685 393 320 401 828
V  478 452 519 860 295
V  741 446 467 775 299
V  739 574 698 424 279
V  532 518 217 499 609
V  348 459 708 393 456
V  454 342 616 643 399
V  593 507 646 308 401
V  490 283 780 382 681
V  377 507 221 809 560
V  260 581 451 336 790
V  507 301 606 439 543
V  229 347 631 585 567
V  512 429 341 404 676
V  416 632 644 199 824
V  530 764 282 477 476
V  283 433 363 808 623
V  683 391 443 487 442
V  317 542 704 446 407
V  535 318 495 933 406
V  685 165 863 667 689
V  383 479 372 392 666
V  666 263 576 485 553
V  428 319 711 765 365
V  139 817 643 868 908
V  438 542 287 509 513
V  185 424 523 758 693
V  576 451 188 716 775
V  656 477 527 369 377
V  544 381 765 319 508
V  379 627 497 225 731
V  656 456 246 392 874
V  263 755 515 286 824
V  493 556 567 391 358
V  362 435 359 543 579
V  705 281 545 639 470
V  653 287 740 400 547
V  766 440 486 535 343
V  478 314 570 369 861
V  353 455 547 699 333
V  576 537 271 375 581
V  451 540 419 578 350
V  674 675 550 202 598
V  546 196 706 727 523
V  376 429 734 280 617
V  794 725 755 293 355
V  502 456 771 207 716
V  257 504 400 629 558
V  219 421 531 759 570
V  432 508 448 323 564
V  446 649 167 484 771
V  469 964 154 549 597
V  383 432 370 658 464
V  334 497 552 295 659
V  160 686 613 593 766
V  583 437 290 517 523
V  653 549 583 214 563
V  545 755 151 497 652
V  561 244 956 549 523
V  524 671 562 178 699
V  358 625 356 386 567
V  643 622 643 736 211
V  598 307 753 281 760
V  161 731 511 737 738
V  644 521 444 245 604
V  690 344 267 530 657
V  715 525 645 155 709
V  340 381 770 508 453
V  654 517 532 806 250
V  534 558 629 360 343
V  553 508 454 387 429
V  633 390 462 368 619
V  226 829 313 559 683
V  492 853 140 522 645
V  254 585 301 532 820
V  436 661 217 376 723
V  574 326 325 516 645
V  462 420 554 528 402
V  396 519 607 288 562
V  622 174 454 666 692
V  489 499 799 350 391
V  400 359 694 340 597
V  182 393 564 712 784
V  416 417 763 312 543
V  581 389 884 221 643
V  619 247 716 397 761
V  503 641 625 413 294
V  610 661 785 558 210
V  366 430 375 470 706
V  707 295 656 999 343
V  579 617 556 169 729
V  423 678 271 444 525
V  602 295 610 641 429
V  720 516 536 245 502
V  424 933 155 556 615
V  531 766 152 591 589
V  498 584 548 626 254
V  572 304 502 839 425
V  231 741 445 553 575
V  776 455 695 579 287
V  292 323 530 624 623
V  697 389 406 500 467
V  730 472 642 287 416
V  559 506 297 379 580
V  239 751 416 373 765
V  429 598 533 577 283
V  325 356 484 512 680
V  407 351 446 488 644
V  389 224 762 685 547
V  416 680 226 552 533
V  634 474 452 600 331
V  203 428 561 469 693
V  375 354 432 773 461
V  480 665 152 751 558
V  696 215 560 471 762
V  489 590 700 318 418
V  618 715 377 652 287
V  476 510 299 334 848
V  690 588 445 534 307
V  516 243 576 557 588
V  306 508 380 395 811
V  446 283 565 425 774
V  181 640 449 546 751
V  473 280 448 509 719
V  407 240 477 649 722
V  612 381 250 591 636
V  589 402 757 406 416
V  533 400 452 566 436
V  420 559 193 647 659
V  609 570 693 230 491
V  723 665 839 614 204
V  724 478 745 188 616
V  465 202 510 624 716
V  567 344 357 455 771
V  266 868 387 352 786
V  397 584 655 225 626
V  661 646 712 529 218
V  143 865 702 913 871
V  334 396 530 426 635
V  448 222 529 547 815
V  715 621 457 193 757
V  643 264 684 327 892
V  615 537 659 334 352
V  412 664 279 730 379
V  527 307 772 504 482
V  325 918 159 790 624
V  222 567 329 680 747
V  791 299 783 314 603
V  494 530 503 316 467
V  266 812 239 763 608
V  563 685 402 242 615
V  740 266 824 479 497
V  755 347 834 282 562
V  641 191 558 555 777
V  300 401 468 509 626
V  455 316 753 461 517
V  218 658 420 630 587
V  555 363 431 744 417
V  341 475 359 467 652
V  427 559 555 252 591
V  411 545 193 746 598
V  318 509 256 747 719
V  353 430 768 369 513
V  800 544 757 210 507
V  718 263 736 552 483
V  237 425 569 470 570
V  452 719 361 645 329
V  390 585 193 670 671
V  635 811 279 599 393
V  463 565 439 235 710
V  705 552 632 331 339
V  799 534 532 194 798
V  638 549 508 267 470
V  286 509 482 389 594
V  598 447 219 520 684
V  615 715 691 662 206
V  168 684 526 788 699
V  633 690 794 287 386
V  774 364 327 617 541
V  625 435 299 400 655
V  546 694 631 325 369
V  681 282 566 426 637
V  423 199 650 747 629
V  515 635 354 288 604
V  579 580 603 317 369
V  556 608 254 304 781
V  371 689 471 790 301
V  332 727 241 700 494
V  336 545 313 739 437
V  368 301 636 466 703
V  403 638 262 520 512
V  574 516 226 382 741
V  715 274 625 726 420
V  819 520 786 193 562
V  603 505 549 203 644
V  631 596 590 205 574
V  666 700 618 633 214
V  623 497 736 221 523
V  589 660 440 496 312
V  508 522 370 281 842
V  491 700 169 366 908
V  426 668 176 660 581
V  294 732 256 482 780
V  274 765 449 329 690
V  636 521 360 554 385
V  688 267 671 369 685
V  357 897 149 578 745
V  326 294 606 504 828
V  519 476 253 467 588
V  483 601 616 489 281
V  238 713 441 926 479
V  392 243 481 668 742
V  734 424 628 234 696
V  835 614 725 162 662
V  521 538 521 225 612
V  403 756 287 559 450
V  622 445 326 449 536
V  349 567 580 255 671
V  297 763 450 358 601
V  713 409 451 537 392
V  338 256 506 731 740
V  625 423 214 623 657
V  267 762 461 563 459
V  417 791 227 363 693
V  582 790 738 612 205
V  768 434 645 260 531
V  622 512 208 706 541
V  461 708 264 305 750
V  611 302 323 750 600
V  558 460 621 216 667
V  152 713 590 782 860
V  449 638 542 501 296
V  306 281 597 632 616
V  237 357 653 546 565
V  690 429 499 319 559
V  539 715 630 173 700
V  710 529 703 219 501
V  713 208 807 433 928
V  449 677 183 406 917
V  241 328 598 690 592
V  599 455 408 998 324
V  446 743 238 320 776
V  486 572 451 442 379
V  399 556 300 350 877
V  282 428 616 370 677
V  358 712 382 450 448
V  610 189 602 839 555
V  152 612 665 724 810
V  437 593 395 780 308
V  559 304 765 335 632
V  587 267 861 427 557
V  585 292 310 697 687
V  208 675 589 722 522
V  415 445 514 310 693
V  641 662 623 393 281
V  311 767 241 624 567
V  573 186 523 740 625
V  576 599 455 214 653
V  378 703 663 256 574
V  431 553 368 288 716
V  491 563 621 198 647
V  652 459 741 721 254
V  304 720 525 677 356
V  393 359 555 428 607
V  718 421 512 368 476
V  520 683 369 607 309
V  205 362 559 683 731
V  188 430 644 514 762
V  379 542 480 282 636
V  802 289 272 818 769
V  644 680 390 460 352
V  522 387 426 409 639
V  691 537 721 208 523
V  556 322 693 331 655
V  434 316 349 840 583
V  226 350 551 595 818
V  317 278 546 627 677
V  244 537 647 536 467
V  756 594 421 220 723
V  616 443 727 249 535
V  494 405 432 435 533
V  630 454 622 491 343
V  292 490 522 333 784
V  513 397 796 287 540
V  559 687 232 308 781
V  512 578 169 505 846
V  518 377 424 838 398
V  229 357 524 648 758
V  645 493 462 308 507
V  489 679 152 652 619
V  585 407 236 874 617
V  783 295 832 274 729
V  522 259 707 426 675
V  417 989 131 584 707
V  525 345 423 694 467
V  494 589 261 348 641
V  308 305 567 520 877
V  329 729 301 809 403
V  340 231 664 628 725
V  339 572 621 240 790
V  537 459 444 290 796
V  287 536 471 613 400
V  390 587 494 409 410
V  692 702 791 304 351
V  675 263 537 589 520
V  482 864 164 589 563
V  386 508 440 301 739
V  307 651 421 321 690
V  394 673 477 659 290
V  643 662 680 291 379
V  629 671 398 219 731
V  445 404 622 327 574
V  210 523 751 663 516
V  303 427 663 428 493
V  548 547 417 302 519
V  362 305 718 536 526
V  417 346 491 416 820
V  740 417 581 657 309
V  669 611 340 417 449
V  242 861 518 760 449
V  386 595 539 774 287
V  240 421 586 408 802
V  175 632 467 860 798
V  553 316 683 926 327
V  391 711 307 300 743
V  607 533 346 883 327
V  656 255 600 422 691
V  292 389 500 464 760
V  248 811 479 360 637
V  496 557 208 460 662
V  571 665 735 425 270
V  336 282 813 658 492
V  520 648 343 268 679
V  780 514 566 459 304
V  382 646 271 680 429
V  614 746 327 745 309
V  574 611 499 263 485
V  391 285 683 832 443
V  345 619 565 367 485
V  726 607 689 160 678
V  604 303 312 706 633
V  296 641 487 278 824
V  563 477 759 208 607
V  290 491 588 594 409
V  648 372 500 804 356
V  685 458 422 519 375
V  354 477 307 669 491
V  476 493 593 238 635
V  558 641 579 259 468
V  682 216 361 632 735
V  765 365 466 971 353
V  455 685 213 386 659
V  750 650 710 306 345
V  443 725 558 343 421
V  329 357 594 600 495
V  518 529 218 593 546
V  737 319 796 255 733
V  760 482 576 201 841
V  328 565 439 416 507
V  720 511 695 773 229
V  429 605 293 323 709
V  420 684 441 257 665
V  307 457 646 424 471
V  299 459 460 504 523
V  495 642 689 587 241
V  299 379 708 539 468
V  318 593 485 321 626
V  665 402 533 315 613
V  674 423 775 719 271
V  611 724 483 187 795
V  702 539 500 593 278
V  322 593 399 318 718
V  571 720 591 604 221
V  364 557 469 265 719
V  450 416 345 932 413
V  470 693 238 338 700
V  439 317 588 406 671
V  291 805 332 366 791
V  764 646 698 386 281
V  467 591 426 317 532
V  421 474 662 267 594
V  465 399 284 666 593
V  499 602 250 328 716
V  391 499 762 240 629
V  261 779 297 757 532
V  613 461 655 245 558
V  258 269 669 785 600
V  408 678 563 283 539
V  236 544 400 553 631
V  420 569 247 421 821
V  613 698 814 277 409
V  193 502 461 643 696
V  327 976 175 555 831
V  241 478 369 732 786
V  579 339 588 804 361
V  177 722 461 695 696
V  387 390 375 546 633
V  405 676 185 820 498
V  618 627 311 271 710
V  232 726 328 514 688
V  539 579 762 271 458
V  431 465 371 347 871
V  310 402 647 346 820
V  486 395 410 474 535
V  574 509 621 693 252
V  457 414 270 643 640
V  567 727 377 584 303
V  314 768 200 623 733
V  249 426 462 744 555
V  686 568 633 332 335
V  397 529 279 507 590
V  390 659 405 246 779
V  654 283 830 678 388
V  828 252 763 320 861
V  516 752 340 486 393
V  573 424 394 394 575
V  570 287 880 350 656
V  262 608 551 495 488
V  660 646 622 392 285
V  309 464 766 561 404
V  486 530 457 745 298
V  684 576 300 283 740
V  458 629 286 301 750
V  332 671 386 417 514
V  714 707 739 671 203
V  384 495 315 719 441
V  309 859 274 470 627
V  469 740 649 272 489
V  582 710 487 553 265
V  524 371 482 455 510
V  321 325 512 536 722
V  272 433 657 355 796
V  458 494 283 817 416
V  387 463 520 336 587
V  443 655 197 485 655
V  676 516 595 715 244
V  392 295 503 868 469
V  766 574 683 289 378
V  308 397 406 580 810
V  503 441 690 245 626
V  624 673 791 605 207
V  192 569 449 514 767
V  402 757 217 677 480
V  184 627 598 438 734
V  605 589 603 358 326
V  598 437 339 731 421
V  306 727 587 352 533
V  490 247 636 479 681
V  667 498 728 203 558
V  714 243 919 601 463
V  386 621 627 336 470
V  743 741 785 292 357
V  338 650 497 438 443
V  226 634 628 400 609
V  484 491 246 656 508
V  300 290 515 757 714
V  304 876 181 741 722
V  417 315 693 386 799
V  297 549 256 671 792
V  282 657 377 516 513
V  303 617 377 592 440
V  624 567 435 308 447
V  586 762 389 689 273
V  274 733 358 476 563
V  283 718 399 574 457
V  659 605 665 682 214
V  611 252 613 380 898
V  193 545 576 476 698
V  494 545 429 385 457
V  529 794 304 518 414
V  324 271 763 743 523
V  325 767 463 268 752
V  562 670 478 629 252
V  446 500 339 383 601
V  282 900 237 553 815
V  742 614 691 745 208
V  562 545 380 315 544
V  357 484 746 253 826
V  538 407 283 446 817
V  317 497 308 616 702
V  588 616 479 286 433
V  378 575 327 327 746
V  689 297 468 1006 422
V  185 742 726 665 587
V  326 819 365 322 716
V  329 717 178 768 665
V  713 294 637 373 631
V  710 513 750 191 578
V  478 295 636 372 768
V  501 284 867 626 448
V  368 393 552 422 570
V  688 578 687 273 409
V  480 580 594 182 768
V  701 212 531 468 823
V  353 613 230 485 892
V  465 369 710 270 723
V  576 272 705 763 395
V  398 644 165 773 671
V  411 589 635 248 574
V  710 359 464 361 745
V  407 687 316 680 366
V  542 737 210 557 525
V  727 407 414 550 417
V  802 478 600 457 321
V  341 346 563 716 456
V  381 688 467 237 729
V  610 776 708 299 379
V  546 600 681 667 227
V  649 398 269 685 553
V  566 513 373 694 346
V  338 672 373 526 435
V  550 420 248 677 583
V  457 276 702 421 657
V  282 413 650 709 406
V  306 650 333 421 677
V  539 343 386 707 492
V  286 347 661 849 458
V  449 647 486 661 264
V  256 618 421 389 724
V  878 333 821 687 341
V  406 233 758 586 648
V  664 203 489 524 768
V  613 629 498 311 393
V  692 375 288 462 702
V  528 502 270 677 455
V  472 580 259 446 551
V  334 797 155 764 636
V  578 408 225 830 650
V  775 632 730 266 404
V  611 603 287 635 414
V  409 686 380 384 488
V  185 467 638 591 695
V  443 664 260 316 776
V  211 616 480 435 719
V  223 808 350 476 724
V  458 396 762 258 649
V  771 496 622 744 237
V  352 409 677 308 695
V  491 328 493 412 751
V  485 790 643 461 279
V  354 599 369 304 745
V  288 292 558 648 665
V  267 323 515 622 784
V  342 649 319 422 604
V  612 509 373 298 610
V  374 306 464 884 518
V  585 549 594 434 313
V  507 263 761 459 582
V  523 635 260 400 574
V  287 820 293 790 466
V  540 643 584 495 259
V  631 607 391 273 566
V  244 502 452 427 719
V  447 457 585 257 687
V  473 466 790 218 661
V  385 349 533 467 609
V  616 709 329 442 442
V  697 624 628 201 573
V  299 511 430 591 433
V  357 365 393 789 510
V  532 213 742 562 661
V  299 754 359 344 786
V  597 581 218 331 747
V  581 325 759 270 739
V  324 502 593 280 778
V  411 891 191 524 594
V  842 519 470 815 269
V  654 425 225 460 829
V  527 792 189 722 463
V  681 511 294 314 840
V  624 415 265 509 582
V  569 548 592 400 328
V  709 653 833 567 207
V  436 720 235 476 546
V  360 519 257 573 792
V  715 423 562 897 265
V  318 912 190 701 583
V  492 502 513 244 664
V  400 784 159 511 853
V  648 462 480 249 776
V  747 343 883 242 688
V  257 805 358 477 601
V  549 475 193 613 802
V  465 242 774 521 625
V  158 710 548 654 779
V  397 604 423 334 563
V  584 179 743 667 662
V  244 705 532 359 630
V  195 541 405 669 811
V  257 677 403 541 523
V  539 243 616 429 786
V  680 201 729 472 904
V  228 743 478 652 523
V  748 281 744 602 433
V  421 520 595 692 280
V  863 638 746 395 278
V  518 348 793 756 329
V  266 723 336 515 565
V  354 658 417 859 332
V  470 677 202 643 510
V  354 903 179 579 629
V  265 815 380 438 599
V  270 541 408 554 508
V  637 636 210 613 513
V  619 762 317 541 381
V  348 575 369 345 681
V  483 648 466 220 682
V  626 531 651 185 628
V  342 414 718 293 814
V  606 555 279 425 531
V  259 585 300 764 583
V  211 719 469 696 573
V  543 729 301 741 341
V  337 633 719 430 400
V  588 565 615 189 631
V  216 625 375 526 755
V  600 405 286 436 749
V  465 510 566 222 756
V  375 491 619 559 353
V  266 445 399 572 855
V  673 203 629 502 771
V  584 531 524 537 301
V  173 768 486 483 808
V  483 422 691 235 792
V  421 603 689 207 716
V  225 611 435 681 548
V  385 474 273 576 846
V  492 414 516 303 819
V  435 442 407 433 561
V  294 578 459 337 667
V  359 575 227 879 506
V  329 357 406 656 737
V  202 698 502 397 755
V  539 368 306 673 553
V  382 514 627 265 614
V  531 240 400 775 631
V  309 506 306 534 904
V  468 583 630 595 261
V  345 769 205 732 515
V  657 466 304 344 742
V  316 681 608 263 671
V  686 556 478 647 275
V  615 610 565 624 229
V  145 762 730 665 1009
V  397 599 323 337 682
V  634 578 421 687 293
V  617 341 833 253 684
V  380 453 298 572 695
V  227 524 389 579 816
V  502 598 267 496 501
V  642 662 681 182 620
V  603 694 385 741 279
V  274 350 678 485 674
V  449 485 575 329 490
V  287 683 336 591 492
V  411 328 768 368 745
V  385 785 257 377 666
V  591 553 711 630 239
V  264 612 672 338 689
V  315 645 565 390 497
V  603 204 531 790 575
V  398 335 536 508 578
V  599 627 543 678 226
V  367 413 681 674 350
V  572 219 611 605 557
V  367 545 809 387 427
V  363 340 440 879 496
V  402 462 237 812 614
V  651 624 391 228 720
V  374 573 343 750 385
V  422 745 411 269 663
V  490 747 175 390 782
V  367 555 279 530 602
V  484 544 646 194 680
V  500 269 417 597 648
V  313 830 370 368 629
V  372 604 188 701 773
V  214 452 445 721 850
V  177 668 778 796 631
V  658 595 668 450 270
V  278 499 460 428 596
V  858 502 492 761 272
V  278 551 430 515 506
V  618 504 721 751 237
V  462 824 155 665 550
V  665 531 265 345 662
V  433 590 539 208 745
V  664 438 635 926 257
V  320 649 250 485 901
V  710 514 221 376 837
V  505 447 373 343 802
V  256 409 487 498 810
V  654 433 273 559 532
V  274 621 245 673 773
V  208 512 515 411 808
V  328 729 264 483 657
V  399 273 508 603 641
V  584 620 655 387 303
V  372 623 319 399 592
V  480 194 612 769 600
V  720 362 275 580 607
V  569 620 431 572 299
V  265 735 247 713 666
V  744 621 690 280 389
V  652 192 462 716 642
V  547 649 486 718 244
V  694 607 570 707 219
V  898 616 805 259 404
V  604 275 616 578 483
V  821 395 460 977 325
V  305 870 226 669 562
V  764 402 489 612 367
V  287 503 685 315 808
V  187 648 561 521 693
V  755 586 504 197 657
V  448 813 159 433 800
V  566 295 682 334 766
V  693 585 631 490 255
V  571 493 478 256 650
V  562 486 210 481 737
V  582 182 542 620 800
V  265 462 452 503 646
V  253 623 510 397 594
V  670 475 490 382 402
V  409 544 250 458 925
V  626 370 687 257 716
V  503 584 197 758 484
V  514 467 859 546 327
V  622 227 825 705 462
V  461 468 287 936 443
V  705 282 298 701 717
V  366 455 279 805 530
V  416 798 251 591 471
V  429 293 848 583 483
V  602 263 807 394 650
V  633 775 665 583 213
V  325 608 579 321 585
V  222 454 486 507 792
V  573 608 436 278 506
V  223 732 449 397 724
V  640 505 719 530 288
V  779 381 559 280 828
V  545 585 504 270 490
V  337 435 532 485 498
V  611 386 493 898 337
V  526 585 539 660 248
V  406 577 390 693 338
V  461 453 284 462 846
V  755 513 600 798 234
V  243 589 417 415 758
V  460 402 445 356 825
V  628 620 714 330 341
V  640 495 399 272 880
V  234 611 547 710 470
V  722 258 839 724 399
V  695 512 553 600 279
V  630 252 392 551 695
V  486 498 249 442 896
V  235 696 493 703 484
V  377 271 595 582 606
V  468 560 295 559 463
V  474 791 604 437 297
V  669 489 648 722 245
V  825 349 799 515 392
V  619 380 261 635 603
V  690 645 432 208 693
V  467 384 413 417 699
V  404 655 247 390 696
V  416 520 229 568 810
V  183 619 664 431 880
V  612 606 600 549 243
V  796 338 436 516 507
V  165 708 572 721 711
V  577 565 315 698 376
V  264 644 393 599 503
V  714 330 253 745 736
V  467 614 260 334 700
V  476 581 254 375 639
V  564 514 432 334 498
V  354 357 421 658 576
V  317 869 296 431 625
V  324 356 558 860 434
V  642 742 269 285 790
V  516 731 503 562 271
V  515 735 590 204 623
V  227 646 351 518 717
V  383 716 278 635 437
V  434 495 225 636 714
V  287 754 264 775 521
V  462 583 291 362 614
V  170 569 598 586 761
V  136 796 680 785 949
V  523 340 564 359 745
V  292 533 482 348 658
V  214 490 453 555 783
V  852 485 767 611 259
V  485 578 391 515 388
V  190 590 640 637 620
V  434 761 421 349 489
V  257 729 457 398 601
V  476 655 362 298 605
V  191 614 427 680 671
V  615 771 270 675 380
V  563 441 369 629 420
V  356 547 221 733 633
V  562 539 308 362 556
V  472 241 454 731 608
V  463 477 442 294 865
V  600 532 526 571 286
V  339 613 559 344 533
V  348 369 716 842 361
V  404 629 289 385 619
V  358 825 335 308 743
V  596 564 492 272 474
V  426 368 314 651 676
V  754 491 661 581 270
V  739 258 779 438 553
V  526 448 550 269 673
V  324 809 205 656 588
V  226 533 609 825 467
V  542 286 494 789 475
V  291 638 365 829 409
V  448 604 408 362 496
V  482 792 330 270 697
V  505 478 290 454 563
V  448 542 776 255 543
V  569 361 394 757 442
V  479 748 296 631 386
V  510 326 641 316 855
V  498 492 719 195 804
V  690 597 693 260 427
V  544 636 599 236 520
V  382 320 409 792 564
V  544 508 703 662 259
V  336 655 428 373 553
V  460 369 427 542 531
V  167 676 598 534 839
V  638 212 800 623 524
V  227 499 469 644 573
V  849 282 886 310 690
V  637 613 695 190 597
V  742 294 695 463 492
V  456 695 275 325 675
V  472 578 536 502 312
V  489 435 257 539 935
V  685 538 168 637 763
V  477 648 477 695 258
V  180 616 662 503 700
V  658 417 428 372 565
V  752 471 327 616 427
V  291 590 311 878 478
V  350 531 307 465 744
V  527 178 835 720 669
V  722 552 742 620 233
V  484 637 224 343 742
V  320 555 417 455 509
V  390 631 326 372 594
V  264 355 719 470 793
V  283 597 510 374 582
V  586 302 465 852 450
V  244 707 441 874 468
V  270 280 719 700 569
V  412 481 258 555 964
V  219 646 338 609 714
V  634 749 145 467 733
V  435 478 729 667 297
V  501 605 624 220 577
V  666 528 624 408 322
V  395 688 235 712 450
V  603 659 510 565 258
V  692 240 831 674 449
V  606 673 481 222 590
V  743 332 264 582 908
V  663 199 474 554 748
V  261 396 568 793 452
V  539 581 212 874 439
V  645 437 554 628 316
V  423 679 243 400 632
V  465 750 634 537 266
V  366 847 286 415 592
V  340 714 555 321 559
V  691 488 357 541 408
V  308 611 347 485 566
V  758 597 713 691 211
V  175 541 538 765 698
V  169 607 728 783 702
V  449 377 496 360 907
V  689 261 500 602 545
V  845 326 702 811 328
V  384 310 539 689 498
V  381 603 450 294 634
V  599 378 740 235 808
V  735 433 208 747 662
V  347 753 260 493 593
V  592 586 233 433 593
V  621 810 420 578 285
V  545 827 487 383 342
V  482 627 649 224 571
V  732 203 462 547 798
V  683 362 299 469 783
V  562 355 804 249 719
V  230 498 546 842 502
V  681 669 762 259 421
V  312 598 525 803 351
V  287 703 457 375 589
V  603 417 552 262 799
V  610 608 496 186 760
V  354 586 207 669 744
V  668 310 424 773 482
V  509 242 721 877 430
V  502 394 402 892 395
V  836 381 717 519 364
V  531 692 430 216 700
V  632 422 225 667 624
V  577 439 332 642 445
V  389 715 253 645 459
V  530 687 337 709 320
V  722 218 808 497 645
V  666 625 694 264 420
V  497 380 825 250 741
V  461 693 152 826 554
V  553 464 787 511 337
V  480 234 600 494 809
V  183 637 625 586 659
V  590 426 590 736 303
V  241 826 503 575 511
V  459 626 478 327 466
V  296 697 336 492 553
V  247 700 443 351 760
V  764 591 581 232 512
V  334 553 380 468 534
V  638 292 416 723 532
V  555 764 653 593 223
V  473 366 688 1003 323
V  398 499 452 808 335
V  602 669 219 834 414
V  630 630 768 271 415
V  501 746 581 472 277
V  190 471 502 597 787
V  708 435 325 596 466
V  599 647 659 194 600
V  366 297 656 772 462
V  279 458 533 728 397
V  481 706 572 548 264
V  616 450 409 302 782
V  388 515 279 606 529
V  627 496 343 769 365
V  722 317 935 505 429
V  227 542 584 477 575
V  342 756 444 439 450
V  624 765 670 393 282
V  358 306 677 451 822
V  433 357 639 323 729
V  497 562 227 398 770
V  746 441 392 594 394
V  520 610 423 379 417
V  542 767 461 367 371
V  348 802 495 245 729
V  511 675 625 749 234
V  811 562 762 266 409
V  419 547 245 516 642
V  232 388 483 716 766
V  235 678 630 728 454
V  873 513 711 659 242
V  167 639 628 644 727
V  196 743 567 400 739
V  423 253 523 805 541
V  296 642 587 792 353
V  594 705 847 547 212
V  525 755 607 267 468
V  726 239 497 472 769
V  481 278 701 561 509
V  712 281 309 745 684
V  657 447 370 347 649
V  317 430 371 809 500
V  261 643 359 519 594
V  273 748 424 374 642
V  604 434 782 303 455
V  618 585 288 887 357
V  391 410 295 808 584
V  320 676 463 688 354
V  760 638 760 538 215
V  603 532 605 835 242
V  436 454 270 567 713
V  714 659 796 340 317
V  357 773 433 254 779
V  523 359 498 356 838
V  838 566 746 433 276
V  357 715 413 545 393
V  679 688 539 182 673
V  405 408 314 575 749
V  380 632 543 507 333
V  675 275 799 307 910
V  792 577 679 499 252
V  800 320 364 477 704
V  326 386 508 465 637
V  350 714 174 628 776
V  418 885 158 471 738
V  685 256 617 676 470
V  662 289 550 372 904
V  198 562 368 752 770
V  499 597 396 303 559
V  651 433 465 958 306
V  515 682 698 511 254
V  615 498 680 653 259
V  845 455 639 376 381
V  282 666 402 412 606
V  526 594 424 293 530
V  403 744 427 415 411
V  495 251 767 531 556
V  614 235 575 977 487
V  202 462 701 650 587
V  641 320 331 800 550
V  555 371 569 303 832
V  678 347 393 414 751
V  459 664 433 247 664
V  248 669 394 411 729
V  824 532 681 157 693
V  323 346 738 824 408
V  543 425 414 992 352
V  328 467 375 854 434
V  232 343 648 523 799
V  540 242 579 933 489
V  595 403 471 952 334
V  291 381 522 619 520
V  385 281 617 543 604
V  750 468 678 696 254
V  358 336 720 486 520
V  529 633 317 301 629
V  483 563 449 277 587
V  430 238 594 854 521
V  605 453 199 553 947
V  259 800 243 739 706
V  406 312 452 710 533
V  676 195 837 563 663
V  566 685 716 189 629
V  797 241 882 434 640
V  819 536 739 221 485
V  758 312 580 637 421
V  184 491 511 629 764
V  192 695 741 716 548
V  448 314 368 607 748
V  483 629 384 302 577
V  377 684 165 697 744
V  476 611 530 335 421
V  454 751 595 513 284
V  261 721 701 600 423
V  776 211 759 444 811
V  279 723 245 765 587
V  277 591 504 351 630
V  178 547 659 521 767
V  605 580 470 841 260
V  697 504 330 629 404
V  692 509 405 810 309
V  612 217 842 530 636
V  192 536 601 824 590
V  208 498 464 541 717
V  223 680 395 540 646
V  483 685 174 895 488
V  649 366 292 538 598
V  155 734 553 865 819
V  381 508 342 624 449
V  176 709 646 817 635
V  281 697 451 352 637
V  255 297 698 604 727
V  635 650 574 548 242
V  344 249 529 658 834
V  584 394 693 728 307
V  429 515 457 895 305
V  631 389 855 215 826
V  703 374 359 418 697
V  634 753 698 379 293
V  699 566 485 758 259
V  484 519 181 798 723
V  478 402 567 310 706
V  810 649 728 276 388
V  638 755 386 576 300
V  184 634 691 703 619
V  433 656 270 570 462
V  496 384 759 758 312
V  444 649 392 312 578
V  310 675 322 379 821
V  236 695 510 398 632
V  497 345 788 319 593
V  172 661 587 772 672
V  576 698 581 195 625
V  537 280 802 389 632
V  541 286 370 922 562
V  782 276 727 301 865
V  235 552 606 438 573
V  733 318 561 877 377
V  543 859 701 278 440
V  526 688 248 499 513
V  590 683 176 630 552
V  245 613 488 436 596
V  716 190 786 531 765
V  515 610 604 243 525
V  361 413 599 573 421
V  732 347 687 726 337
V  358 653 435 260 752
V  704 528 673 827 226
V  388 590 595 381 421
V  667 416 487 904 309
V  620 185 444 629 771
V  549 494 261 517 538
V  689 686 337 261 690
V  215 637 457 547 628
V  526 432 876 345 440
V  804 653 837 252 421
V  221 645 569 522 570
V  634 356 383 409 822
V  599 722 308 617 368
V  622 604 241 483 543
V  809 582 640 662 219
V  438 746 384 309 592
V  614 448 768 195 820
V  655 672 442 701 261
V  677 230 769 777 441
V  453 616 297 321 675
V  608 451 547 722 297
V  376 417 377 834 438
V  911 599 729 577 224
V  524 705 410 252 616
V  169 756 631 766 674
V  594 366 919 229 737
V  617 547 713 275 426
V  304 316 728 505 651
V  367 519 271 701 512
V  759 655 453 190 793
V  557 570 478 293 461
V  399 547 398 302 689
V  730 188 788 510 829
V  531 580 524 247 542
V  621 512 211 469 690
V  631 580 637 177 651
V  656 238 435 854 574
V  469 228 862 653 522
V  348 661 282 701 442
V  236 469 403 872 649
V  614 700 221 924 408
V  468 643 681 215 606
V  595 594 720 266 437
V  407 658 165 674 732
V  735 403 830 494 360
V  288 582 309 533 697
V  373 576 398 515 436
V  461 725 403 259 662
V  271 864 355 779 468
V  430 825 578 619 273
V  671 567 815 649 225
V  625 697 517 695 231
V  298 610 704 304 650
V  364 771 155 741 624
V  438 542 786 479 329
V  348 523 285 875 476
V  209 879 795 780 504
V  267 586 472 715 430
V  618 412 820 207 732
V  495 719 687 738 236
V  218 624 606 439 611
V  371 354 385 787 542
V  510 467 497 268 888
V  741 286 650 422 548
V  362 236 541 646 798
V  467 357 416 1027 421
V  290 615 429 390 601
V  621 192 713 537 927
V  673 613 713 370 302
V  526 679 441 236 625
V  759 612 522 175 799
V  255 520 649 453 504
V  664 410 207 789 808
V  637 703 508 428 307
V  541 787 637 674 222
V  688 374 328 470 611
V  252 862 684 792 410
V  546 254 697 713 445
V  347 482 366 413 832
V  211 519 427 624 676
V  217 781 705 901 475
V  387 798 469 265 665
V  638 807 533 400 306
V  243 717 663 889 423
V  595 174 676 660 729
V  288 656 683 393 512
V  671 327 618 303 848
V  403 257 483 813 626
V  719 279 508 652 495
V  460 256 602 904 471
V  327 290 482 726 718
V  187 569 677 554 661
V  259 626 596 454 511
V  797 519 527 622 271
V  348 531 537 382 497
V  412 745 167 785 528
V  568 492 269 682 461
V  720 251 578 904 445
V  762 349 332 499 608
V  253 643 763 715 420
V  665 201 875 592 595
V  727 699 751 440 245
V  725 573 771 214 502
V  508 451 256 504 692
V  519 335 473 987 403
V  608 793 265 289 772
V  555 730 507 294 433
V  614 248 646 463 633
V  348 515 410 357 686
V  644 335 671 281 940
V  542 386 256 665 688
V  638 548 285 773 395
V  717 314 605 546 450
V  386 528 717 232 737
V  525 831 699 663 224
V  642 466 273 396 656
V  322 748 348 406 593
V  361 254 623 936 539
V  416 434 764 835 308
V  811 423 585 749 285
V  571 665 424 333 440
V  540 799 675 262 469
V  494 852 170 758 484
V  530 644 743 656 229
V  604 712 271 816 360
V  449 701 689 699 258
V  463 394 691 346 520
V  632 646 609 473 256
V  613 336 874 250 757
V  571 405 481 315 805
V  565 654 328 488 419
V  389 859 439 277 663
V  374 425 833 273 832
V  443 625 505 287 537
V  722 579 509 517 291
V  547 358 362 832 471
V  172 732 585 833 662
V  425 652 171 624 660
V  664 677 355 816 298
V  575 537 440 431 393
V  458 582 795 403 342
V  886 388 884 673 302
V  564 299 433 927 479
V  551 639 620 172 748
V  826 356 444 566 457
V  636 609 579 185 649
V  647 588 428 798 277
V  605 194 473 589 791
V  519 605 467 571 297
V  393 534 371 342 673
V  478 267 504 576 613
V  480 525 523 293 519
V  340 726 224 520 728
V  404 420 565 314 775
V  549 691 213 841 421
V  371 743 674 828 295
V  545 710 490 231 588
V  564 513 753 682 251
V  732 470 444 284 644
V  645 690 774 518 220
V  309 522 305 808 532
V  696 477 710 627 268
V  396 758 242 667 458
V  735 386 430 365 691
V  323 711 348 460 530
V  176 789 449 566 767
V  760 430 694 220 657
V  863 300 739 507 454
V  660 533 573 769 241
V  493 666 698 201 635
V  485 532 211 497 766
V  491 703 218 740 438
V  879 624 823 248 426
V  436 432 636 261 769
V  422 747 640 734 270
V  502 626 621 264 489
V  366 495 405 865 382
V  297 752 523 287 701
V  837 446 490 627 319
V  531 276 699 383 706
V  556 284 457 802 500
V  432 616 432 730 295
V  511 743 227 664 451
V  500 582 683 628 249
V  728 352 331 739 525
V  230 740 575 401 616
V  406 790 173 473 809
V  734 679 428 205 729
V  618 491 430 654 328
V  698 164 763 789 805
V  199 344 673 718 703
V  422 607 672 211 655
V  481 240 856 581 548
V  776 557 741 215 500
V  558 607 197 465 638
V  684 729 788 275 392
V  739 736 415 207 837
V  354 269 552 887 559
V  459 705 152 675 631
V  352 722 348 383 581
V  595 538 468 226 748
V  485 530 506 437 379
V  227 588 372 892 616
V  793 599 618 716 216
V  446 627 180 814 520
V  539 874 155 782 540
V  329 571 347 561 493
V  231 648 315 853 646
V  701 754 147 438 952
V  291 391 415 682 711
V  654 186 525 613 686
V  638 172 694 614 828
V  552 562 343 338 543
V  318 624 349 357 816
V  578 252 711 700 449
V  608 447 363 436 511
V  580 594 572 268 457
V  491 486 399 394 526
V  732 443 429 581 369
V  576 745 673 270 440
V  712 343 513 345 808
V  332 568 516 578 363
V  396 326 449 525 748
V  392 388 477 574 501
V  544 187 831 621 770
V  476 686 163 851 521
V  610 638 788 261 438
V  515 433 806 215 810
V  514 892 179 682 497
V  758 251 568 419 763
V  532 601 521 291 454
V  738 167 788 620 813

