C name=rnd_7_100_20.vlp, rows=20, cols=100, objs=7
C vertices=2088, facets=152257

V  359 231 352 468 357 418 259
V  561 445 507 459 119 556 401
V  451 562 608 438 565 130 514
V  432 394 433 203 399 698 298
V  756 359 593 278 306 304 547
V  517 516 668 391 250 237 345
V  502 520 615 530 168 362 515
V  543 453 287 550 267 348 626
V  529 208 705 434 203 600 280
V  591 494 620 594 157 416 314
V  97 409 587 621 396 579 279
V  351 372 444 407 336 606 146
V  289 586 603 365 225 498 480
V  318 566 463 512 207 377 400
V  560 255 594 455 271 303 486
V  331 220 650 462 275 605 246
V  532 132 564 362 423 663 259
V  199 521 307 256 455 645 394
V  287 455 420 246 357 476 451
V  503 326 496 474 188 395 446
V  570 423 613 269 201 492 315
V  262 400 497 477 291 319 432
V  630 386 326 401 294 310 490
V  359 405 382 346 214 569 346
V  231 516 517 275 311 626 433
V  112 443 562 493 345 647 299
V  205 525 599 603 306 473 233
V  438 381 514 210 320 679 305
V  253 497 324 377 297 442 471
V  395 492 658 562 301 185 392
V  593 168 469 427 258 524 377
V  480 480 459 455 259 272 548
V  378 512 226 312 342 595 478
V  438 541 625 289 383 375 268
V  674 497 593 326 140 496 387
V  598 408 520 387 263 245 474
V  584 402 564 220 459 349 387
V  321 252 436 534 435 349 458
V  492 600 296 315 627 350 300
V  188 382 350 519 530 388 399
V  420 386 616 541 258 300 262
V  428 308 448 306 371 343 456
V  394 396 329 585 562 242 341
V  389 550 629 587 221 271 448
V  634 297 730 355 161 415 431
V  455 611 443 577 217 423 254
V  549 476 382 276 451 405 256
V  288 365 498 289 373 490 304
V  594 311 664 509 256 323 279
V  500 334 430 311 558 251 379
V  301 349 462 457 247 558 228
V  496 320 619 374 199 374 379
V  401 584 534 340 503 196 445
V  505 600 536 495 204 356 353
V  596 385 287 267 420 425 523
V  628 204 557 367 232 644 422
V  580 395 272 527 226 464 502
V  205 508 388 263 376 626 401
V  470 356 602 419 253 248 382
V  625 431 456 287 361 325 329
V  630 486 654 334 197 328 412
V  273 458 402 408 288 369 383
V  427 556 597 396 425 273 245
V  433 504 332 263 508 338 411
V  433 465 441 249 279 512 511
V  556 179 527 365 385 372 474
V  341 485 251 452 382 638 260
V  423 336 430 336 255 432 393
V  467 475 284 265 421 375 537
V  394 392 421 451 300 282 376
V  206 422 369 336 474 431 346
V  453 337 403 556 201 462 347
V  692 374 589 427 168 393 529
V  524 289 647 331 268 442 252
V  681 503 470 426 129 517 454
V  487 442 415 489 311 243 472
V  320 574 612 450 502 172 526
V  346 392 412 267 374 423 386
V  471 413 616 268 280 424 316
V  461 438 614 340 185 419 343
V  433 347 562 288 338 373 356
V  547 332 698 439 138 479 304
V  418 198 459 367 311 661 285
V  471 405 514 229 346 536 244
V  318 466 392 246 622 357 461
V  455 527 397 424 343 400 220
V  520 511 407 462 376 287 275
V  433 495 155 386 424 711 589
V  170 298 399 501 473 553 293
V  424 585 305 319 515 458 232
V  373 334 272 408 454 352 449
V  322 232 556 414 290 555 235
V  462 317 546 510 320 292 264
V  411 381 475 378 255 565 185
V  522 444 339 419 310 279 468
V  427 491 614 509 441 156 412
V  549 479 668 446 287 175 432
V  427 289 340 448 381 313 316
V  352 298 450 426 222 513 316
V  651 336 380 286 457 275 517
V  416 315 535 278 280 620 313
V  530 572 465 409 246 400 302
V  463 253 492 385 273 539 256
V  446 410 579 351 333 241 392
V  436 292 524 446 285 478 183
V  431 366 323 388 365 431 254
V  523 529 462 349 526 453 150
V  631 340 489 256 376 385 544
V  408 433 594 612 504 270 225
V  353 448 468 546 221 332 436
V  366 540 571 645 417 149 425
V  277 381 268 399 361 550 478
V  564 373 316 516 469 227 464
V  277 455 351 286 507 358 476
V  326 334 433 471 276 387 319
V  490 181 671 416 262 606 247
V  291 481 279 475 331 396 586
V  446 331 526 456 212 441 280
V  371 442 494 575 195 395 336
V  313 271 416 408 281 519 283
V  226 392 322 463 442 420 267
V  254 313 358 504 433 353 354
V  578 322 442 324 505 325 301
V  556 242 511 315 295 458 476
V  555 341 258 416 391 310 408
V  620 275 681 464 202 449 276
V  472 378 604 457 190 405 291
V  148 408 622 591 310 509 268
V  328 390 419 282 412 575 279
V  464 468 427 209 414 430 506
V  494 439 398 227 372 480 354
V  424 550 617 568 563 246 227
V  481 372 681 533 367 266 245
V  162 319 367 477 479 514 360
V  181 393 382 484 397 612 188
V  628 307 675 310 296 307 455
V  479 384 481 557 179 426 358
V  185 467 513 561 449 455 261
V  420 367 509 501 266 315 283
V  310 412 453 432 554 268 354
V  425 219 354 425 286 473 365
V  353 468 287 449 311 527 287
V  397 333 536 472 287 405 209
V  561 356 262 449 325 340 476
V  620 203 586 376 263 401 458
V  491 417 656 352 371 393 204
V  566 454 551 524 153 430 402
V  275 385 445 502 301 432 231
V  262 322 428 439 306 564 195
V  398 487 397 633 427 235 322
V  414 493 580 333 430 405 209
V  343 462 540 522 317 312 267
V  450 284 510 515 330 336 251
V  325 374 538 420 288 365 330
V  373 347 337 418 268 499 294
V  357 461 485 469 479 247 316
V  569 361 415 270 424 327 365
V  610 360 569 251 395 327 411
V  448 394 354 330 512 283 388
V  563 196 465 406 248 514 417
V  546 477 405 466 235 319 606
V  314 569 617 426 401 212 463
V  271 351 393 406 452 343 382
V  260 395 385 345 293 501 347
V  520 508 449 253 390 364 345
V  344 457 505 409 299 387 273
V  471 403 414 250 370 454 317
V  564 283 616 299 418 278 471
V  315 468 622 577 334 235 357
V  467 527 575 473 263 304 246
V  508 309 552 208 492 522 412
V  518 444 524 351 180 534 295
V  452 266 438 331 323 443 339
V  340 540 187 308 595 497 449
V  461 370 568 296 242 498 284
V  373 625 418 389 630 305 244
V  561 323 580 292 318 338 442
V  448 502 486 493 453 350 173
V  484 448 254 473 224 515 544
V  468 367 304 480 574 234 377
V  563 316 681 349 209 436 285
V  376 292 421 276 417 625 390
V  218 489 347 254 399 465 452
V  381 517 432 289 418 486 259
V  537 352 664 394 263 310 288
V  318 456 529 582 536 253 295
V  402 495 273 434 617 263 398
V  194 463 522 447 441 351 495
V  452 254 471 374 291 350 446
V  360 549 252 207 476 541 413
V  221 416 439 507 352 322 414
V  465 409 244 395 323 391 518
V  493 277 342 405 310 368 422
V  488 320 559 277 368 565 200
V  483 436 547 228 282 557 276
V  523 407 519 209 407 459 368
V  580 187 667 340 268 553 387
V  520 447 456 311 502 551 144
V  545 476 735 531 427 153 458
V  320 493 506 606 220 440 248
V  482 444 278 477 451 316 266
V  411 449 521 422 198 486 244
V  380 479 520 458 372 226 373
V  283 464 283 380 373 417 406
V  405 438 446 331 490 506 173
V  201 278 623 573 399 472 497
V  480 471 358 391 385 341 282
V  332 425 310 520 467 306 394
V  428 109 551 463 436 617 361
V  414 386 290 497 427 421 209
V  521 373 418 511 185 437 424
V  457 293 585 356 258 380 346
V  447 190 538 375 442 383 349
V  482 330 443 274 563 304 375
V  212 372 417 326 404 578 355
V  378 491 214 251 484 504 570
V  549 130 566 519 354 465 327
V  385 368 220 418 370 607 434
V  512 273 403 445 382 289 385
V  459 426 594 556 286 253 279
V  484 476 633 331 275 292 352
V  189 384 334 434 455 441 318
V  490 300 576 291 310 509 230
V  278 558 328 243 485 469 387
V  502 376 549 296 200 526 510
V  498 510 492 422 420 179 471
V  501 303 427 290 400 432 308
V  434 276 420 453 260 418 341
V  439 415 328 261 374 510 378
V  280 515 652 649 494 430 180
V  238 454 474 409 371 312 442
V  637 401 687 302 351 245 458
V  364 399 438 315 238 485 458
V  514 284 560 405 471 412 219
V  432 497 678 358 405 185 389
V  546 198 596 300 310 620 365
V  470 460 389 536 345 259 327
V  306 355 321 405 369 400 323
V  628 364 556 288 390 274 415
V  504 480 673 415 366 261 240
V  558 390 480 291 289 389 356
V  587 365 402 307 419 274 369
V  416 518 320 363 721 263 348
V  460 265 588 320 390 413 268
V  463 156 408 459 451 440 287
V  574 318 469 309 293 379 516
V  210 423 492 343 399 628 211
V  650 293 463 464 173 533 500
V  502 316 490 321 439 515 185
V  355 316 348 545 463 289 311
V  543 403 410 239 488 349 341
V  279 410 252 433 425 442 402
V  561 527 607 383 193 405 320
V  602 225 535 455 232 469 353
V  385 406 387 328 289 532 278
V  471 260 497 393 484 346 284
V  630 357 657 345 281 372 258
V  307 508 558 581 210 327 449
V  459 454 525 346 492 534 123
V  446 350 633 496 204 426 259
V  444 218 535 411 310 350 427
V  561 407 397 276 483 296 345
V  461 390 455 528 205 363 458
V  384 494 596 271 304 410 336
V  447 574 439 394 304 310 342
V  322 419 429 548 382 258 371
V  396 404 529 364 444 293 309
V  525 445 605 382 444 365 193
V  490 493 448 611 231 378 290
V  335 424 522 516 457 411 178
V  358 401 562 415 443 236 453
V  520 324 426 311 347 338 396
V  297 425 304 413 475 347 397
V  413 266 474 353 409 473 234
V  546 473 746 426 345 272 219
V  405 419 403 461 440 479 148
V  479 378 363 353 639 223 417
V  401 261 364 400 334 373 482
V  474 449 406 420 378 302 279
V  507 496 701 357 200 353 422
V  407 389 557 257 402 395 332
V  503 363 593 354 305 377 266
V  234 357 446 444 348 459 257
V  434 464 207 283 624 407 496
V  260 417 316 384 488 368 448
V  561 281 625 297 262 488 376
V  346 394 512 246 350 505 313
V  129 494 446 388 490 676 204
V  502 483 261 388 319 352 556
V  523 443 479 320 436 546 146
V  367 510 585 478 270 282 326
V  473 534 659 505 482 276 199
V  522 456 515 490 340 186 461
V  381 565 227 300 510 499 327
V  476 209 399 365 329 579 378
V  208 496 449 249 386 565 363
V  272 317 560 531 326 359 475
V  473 262 541 389 291 519 202
V  450 356 501 495 451 579 115
V  590 231 582 355 253 391 498
V  506 528 434 272 414 517 190
V  378 286 487 491 404 392 240
V  546 446 676 386 318 248 291
V  239 531 710 658 385 425 214
V  533 383 659 323 323 380 255
V  387 354 429 262 487 369 406
V  299 529 227 251 470 663 417
V  413 431 431 529 201 406 402
V  445 245 543 273 348 631 259
V  415 497 435 333 431 252 448
V  338 481 375 599 588 232 344
V  424 622 205 386 327 642 524
V  387 362 319 479 527 529 163
V  493 218 466 470 398 560 177
V  413 376 500 272 369 521 235
V  259 451 364 249 512 411 472
V  506 456 304 257 446 446 351
V  399 270 543 309 338 523 249
V  547 357 415 480 432 315 244
V  608 333 713 400 215 289 434
V  479 432 290 421 412 305 356
V  354 508 600 592 362 188 374
V  595 378 349 278 396 333 471
V  453 484 565 581 206 339 335
V  389 459 644 401 509 466 153
V  418 455 398 522 187 507 311
V  407 589 529 364 604 156 508
V  340 275 482 339 379 536 289
V  434 481 453 337 584 227 385
V  492 402 433 270 296 459 446
V  540 482 541 529 218 311 389
V  204 393 385 302 410 539 422
V  453 588 417 331 557 285 300
V  378 553 239 244 471 488 417
V  511 214 597 386 320 412 333
V  385 474 433 372 232 453 337
V  456 443 701 426 325 192 379
V  404 403 328 201 581 638 449
V  574 348 184 424 618 558 506
V  316 369 387 493 410 437 197
V  422 436 349 299 576 305 364
V  246 428 473 486 254 413 441
V  549 263 571 252 376 496 462
V  369 535 387 305 528 574 186
V  452 403 324 329 326 389 604
V  677 411 676 566 442 347 185
V  667 390 661 406 148 440 357
V  412 557 237 433 417 419 335
V  351 403 324 446 438 451 198
V  99 523 552 462 477 653 241
V  541 217 491 326 313 709 383
V  254 575 363 357 474 619 222
V  599 389 634 272 260 389 402
V  366 508 178 254 555 615 543
V  397 351 256 415 299 496 461
V  410 503 382 473 298 415 237
V  358 555 239 288 645 402 444
V  405 391 196 544 621 615 486
V  468 307 417 402 368 647 179
V  361 259 590 432 231 549 268
V  523 487 440 312 402 248 466
V  576 326 299 458 466 330 276
V  441 552 487 423 297 271 339
V  474 326 475 276 298 538 406
V  302 482 600 496 203 549 270
V  649 425 336 479 195 434 516
V  347 390 503 542 378 247 413
V  500 345 320 477 387 279 357
V  332 296 450 315 385 497 356
V  562 546 639 349 424 364 187
V  413 506 332 307 682 252 438
V  292 501 453 385 499 413 231
V  435 470 385 483 493 203 437
V  212 469 279 431 577 564 475
V  142 414 456 419 358 670 262
V  545 399 399 336 467 287 318
V  648 426 623 231 337 378 371
V  536 290 507 278 544 481 253
V  300 405 383 293 396 385 522
V  286 476 271 436 412 428 316
V  219 412 376 292 442 484 435
V  189 436 575 503 288 406 415
V  320 409 460 453 346 417 214
V  474 370 530 250 330 470 399
V  478 490 497 418 270 422 217
V  370 482 599 524 207 373 347
V  246 447 290 329 513 516 321
V  471 410 483 497 392 310 218
V  187 355 350 400 391 549 394
V  447 443 630 332 490 201 404
V  505 186 420 391 428 395 510
V  525 368 580 251 239 614 344
V  523 284 462 318 447 278 425
V  425 332 317 304 412 589 478
V  114 414 500 529 397 610 276
V  231 422 320 479 437 370 437
V  502 334 408 433 284 313 398
V  522 625 536 372 390 323 231
V  396 578 470 491 539 167 468
V  153 471 515 405 323 544 446
V  607 427 469 250 366 378 325
V  603 371 590 213 375 500 400
V  174 485 324 333 543 610 360
V  481 444 398 334 556 316 289
V  244 418 306 295 449 624 397
V  143 372 451 536 475 464 355
V  658 227 462 320 450 368 590
V  554 338 575 539 127 500 371
V  314 427 506 264 386 751 230
V  174 493 386 367 535 484 283
V  200 355 474 423 464 409 372
V  467 347 535 213 379 576 392
V  192 417 420 482 585 394 310
V  566 409 335 349 500 246 407
V  445 404 509 247 271 573 312
V  411 390 267 488 493 426 207
V  565 352 583 267 279 477 346
V  488 452 317 220 451 499 347
V  301 428 515 352 368 358 340
V  415 500 345 226 513 391 407
V  580 306 389 342 301 347 538
V  413 376 439 455 453 257 313
V  512 316 352 483 211 492 448
V  625 416 687 371 281 293 290
V  407 459 298 518 494 281 351
V  718 283 500 323 263 388 590
V  531 472 395 239 456 458 252
V  554 439 630 359 130 535 334
V  341 480 454 304 465 290 507
V  489 415 300 302 661 257 490
V  354 583 283 352 489 637 245
V  351 505 430 344 482 257 508
V  428 327 400 465 379 439 193
V  533 512 416 352 419 215 467
V  493 298 274 469 301 445 419
V  561 553 494 292 344 299 426
V  325 446 428 304 503 336 374
V  356 452 680 547 273 232 375
V  299 401 394 559 489 279 314
V  529 408 641 484 299 258 263
V  438 502 673 382 506 145 452
V  274 394 537 306 353 482 320
V  382 502 518 537 345 265 284
V  456 518 381 305 580 226 550
V  438 504 327 358 603 492 186
V  578 181 399 375 457 484 362
V  456 455 467 222 666 326 497
V  561 313 541 317 217 473 445
V  745 391 619 461 477 174 583
V  306 373 355 440 285 460 407
V  260 514 602 588 327 308 329
V  448 521 529 363 503 377 198
V  420 452 574 320 397 263 368
V  169 577 722 455 438 557 211
V  485 401 445 273 417 486 229
V  476 388 373 250 657 304 473
V  123 391 620 616 438 468 409
V  398 617 300 452 203 557 516
V  167 325 505 487 388 583 260
V  491 353 266 430 420 406 263
V  234 434 308 535 476 381 347
V  440 388 313 414 340 435 267
V  516 375 341 352 260 484 491
V  288 235 433 485 369 484 249
V  527 180 467 470 329 469 271
V  295 433 365 323 280 474 459
V  394 486 407 478 451 322 223
V  418 578 378 483 194 484 428
V  369 371 456 285 354 396 521
V  438 513 563 548 335 173 430
V  497 382 493 327 176 610 398
V  348 394 517 598 348 291 278
V  333 430 488 421 447 247 411
V  366 327 407 418 528 278 351
V  579 404 625 439 504 171 474
V  473 328 605 383 385 281 304
V  561 509 515 254 363 508 215
V  477 275 479 281 434 535 264
V  541 483 349 497 211 403 494
V  417 440 435 250 442 617 230
V  399 268 443 330 362 441 322
V  715 360 439 297 335 304 501
V  546 437 459 353 465 413 195
V  558 368 474 353 497 304 284
V  602 169 578 303 398 567 541
V  468 482 222 254 445 467 589
V  464 431 675 420 334 328 220
V  474 256 343 384 363 462 334
V  459 438 440 497 451 242 309
V  445 478 191 383 353 600 616
V  506 183 503 365 315 671 265
V  372 321 371 308 424 582 331
V  277 579 707 530 373 322 285
V  487 283 270 436 367 415 351
V  474 202 495 467 290 622 259
V  410 471 286 574 533 292 261
V  301 398 383 348 550 366 315
V  187 311 455 458 352 649 265
V  566 333 598 334 403 343 274
V  237 505 262 354 489 599 509
V  635 357 373 313 529 241 542
V  581 248 647 446 261 455 243
V  499 236 701 413 193 590 320
V  464 232 401 347 544 421 460
V  418 387 352 478 244 586 252
V  603 432 746 541 338 285 210
V  446 411 432 467 558 706 104
V  468 444 491 440 174 440 410
V  499 453 488 270 272 442 421
V  367 485 256 280 539 455 370
V  208 309 527 502 318 554 249
V  342 473 350 357 649 325 308
V  302 611 417 336 572 396 274
V  462 363 567 430 433 393 200
V  564 162 500 370 509 567 264
V  448 281 368 436 387 460 210
V  306 253 380 465 318 571 247
V  390 529 278 399 672 409 228
V  474 328 575 255 274 620 333
V  430 487 415 278 314 431 422
V  305 249 366 409 348 527 382
V  596 324 622 410 518 445 181
V  172 379 421 526 454 410 321
V  336 521 304 198 510 644 369
V  461 583 289 388 630 299 287
V  318 393 379 426 452 611 163
V  555 465 310 369 645 313 297
V  491 364 451 468 400 331 235
V  406 454 608 508 338 259 280
V  183 317 439 521 445 419 344
V  422 351 414 478 333 460 199
V  383 341 512 301 449 425 273
V  405 507 261 490 656 274 308
V  332 263 495 407 500 338 498
V  643 406 682 326 452 205 521
V  331 433 371 319 470 462 277
V  462 567 564 297 385 361 275
V  295 297 416 474 372 350 372
V  277 534 455 449 470 265 472
V  530 188 483 413 404 601 196
V  335 497 306 297 543 558 272
V  532 357 559 289 259 441 355
V  533 366 493 507 458 235 302
V  324 184 495 472 342 595 333
V  619 214 701 358 209 547 420
V  312 311 521 357 293 497 294
V  489 434 406 401 365 678 140
V  479 234 331 364 401 730 347
V  221 372 544 565 313 422 285
V  467 325 318 421 454 509 219
V  561 507 603 234 361 364 391
V  300 437 292 469 514 358 307
V  380 478 336 240 357 563 443
V  428 207 508 371 329 641 231
V  366 326 442 360 293 687 214
V  144 385 394 455 410 633 239
V  666 331 551 254 483 274 587
V  284 390 480 450 349 368 312
V  684 231 445 333 395 369 566
V  557 409 598 331 325 366 262
V  366 437 213 437 417 621 374
V  445 258 494 268 375 636 389
V  281 401 302 479 412 630 211
V  361 364 301 421 339 610 267
V  381 541 324 237 585 375 443
V  299 574 303 336 519 427 301
V  426 439 517 335 364 389 271
V  343 496 527 366 612 218 458
V  493 191 396 430 371 536 249
V  332 533 727 519 380 249 313
V  424 444 492 441 250 433 221
V  591 285 545 338 227 483 405
V  430 280 299 465 495 361 297
V  570 327 367 405 400 284 341
V  332 506 657 479 353 225 385
V  467 326 431 310 386 336 379
V  527 320 361 298 372 438 414
V  387 367 380 257 514 374 536
V  265 437 397 333 584 377 335
V  432 524 748 398 432 209 317
V  395 502 345 270 687 305 434
V  556 244 598 248 599 469 569
V  180 344 545 507 360 449 311
V  341 564 521 464 535 248 290
V  520 297 550 249 317 599 375
V  469 353 387 313 622 256 416
V  395 180 414 455 330 529 343
V  311 512 263 248 399 552 444
V  447 438 550 499 447 264 246
V  186 307 441 402 382 605 400
V  248 505 686 680 250 352 381
V  413 371 363 270 459 375 512
V  406 461 393 256 460 427 321
V  429 475 389 488 620 198 408
V  379 647 370 360 637 344 247
V  637 464 589 265 273 428 288
V  436 179 479 502 377 394 309
V  366 529 190 315 413 706 451
V  424 465 380 293 455 374 325
V  246 561 503 480 496 388 242
V  606 269 653 527 546 246 565
V  194 286 473 426 376 644 333
V  367 449 652 621 395 265 259
V  247 336 561 520 259 548 282
V  385 393 470 491 379 304 269
V  435 145 706 453 369 627 274
V  399 578 266 523 296 574 333
V  544 377 552 380 523 224 342
V  469 513 383 334 524 425 200
V  388 534 252 401 515 333 407
V  413 236 318 428 357 584 338
V  389 450 223 572 586 501 241
V  566 391 427 324 473 434 212
V  335 295 573 477 285 423 271
V  397 402 439 292 579 282 487
V  313 228 398 433 342 566 315
V  459 610 369 302 564 324 303
V  345 280 414 483 259 565 280
V  236 539 446 316 508 347 536
V  468 543 564 381 578 234 318
V  438 118 600 467 454 597 307
V  608 278 599 249 486 442 451
V  547 319 237 363 507 555 414
V  398 469 404 391 284 400 314
V  522 123 515 358 405 683 313
V  499 105 470 446 424 551 371
V  323 464 437 339 489 602 163
V  541 333 584 292 529 251 425
V  625 332 397 273 512 274 541
V  516 192 552 369 333 651 211
V  288 523 322 663 611 349 272
V  284 341 400 362 420 396 471
V  324 351 406 361 316 392 512
V  387 507 599 401 393 340 225
V  407 410 290 479 424 341 309
V  389 438 216 412 423 598 346
V  567 324 580 205 602 468 401
V  534 326 486 216 464 528 518
V  438 519 630 329 412 224 392
V  456 192 600 376 304 673 225
V  602 374 468 253 317 488 457
V  459 462 337 294 444 316 435
V  234 414 421 371 459 560 212
V  416 530 486 314 588 212 460
V  421 437 280 231 620 454 479
V  207 305 513 446 348 510 384
V  674 396 538 506 137 461 424
V  301 574 512 462 198 414 429
V  560 318 455 287 510 378 297
V  555 485 651 263 354 325 388
V  241 477 331 457 367 620 237
V  513 303 531 253 372 526 316
V  521 360 440 306 506 564 194
V  262 460 600 542 454 498 161
V  465 428 434 432 359 438 187
V  435 289 475 302 594 316 563
V  399 462 306 379 315 434 390
V  415 459 643 456 386 195 361
V  451 604 642 352 378 243 304
V  461 427 542 310 537 214 518
V  469 230 459 302 410 617 364
V  451 509 396 297 529 478 196
V  191 434 556 549 501 384 302
V  519 463 556 317 411 493 162
V  595 469 508 320 477 303 278
V  367 610 279 338 525 544 257
V  603 177 518 431 276 504 323
V  554 402 583 334 371 452 185
V  541 440 612 537 354 219 314
V  449 137 692 522 414 485 342
V  394 336 421 374 543 358 289
V  535 341 389 270 551 311 522
V  583 538 493 320 445 412 189
V  512 365 431 245 483 400 337
V  321 560 338 346 597 491 228
V  447 506 269 496 265 399 668
V  446 481 444 356 558 192 477
V  508 511 517 464 372 309 212
V  602 406 551 257 454 296 391
V  247 405 388 282 568 429 527
V  327 500 593 630 389 196 408
V  374 377 373 301 546 321 447
V  183 442 409 331 336 567 409
V  363 302 414 320 449 572 301
V  502 537 608 378 505 405 148
V  219 366 586 488 283 428 433
V  285 468 298 257 484 417 578
V  464 424 369 211 485 602 303
V  360 307 345 356 450 399 432
V  515 514 468 395 425 267 288
V  431 541 586 494 503 265 220
V  446 369 457 259 597 315 395
V  595 270 696 337 220 421 398
V  579 461 510 380 461 294 251
V  157 404 470 430 391 525 319
V  484 399 339 584 540 285 254
V  225 391 457 346 376 444 406
V  252 551 244 386 601 570 424
V  545 399 573 353 452 386 210
V  338 572 403 351 538 385 254
V  487 345 526 222 436 548 292
V  468 492 650 421 204 335 371
V  449 427 405 311 669 243 400
V  373 412 417 401 337 650 157
V  478 404 241 429 596 268 450
V  620 352 570 419 484 342 225
V  440 551 549 565 500 141 474
V  334 573 552 538 595 229 297
V  397 479 475 450 509 258 287
V  554 420 675 463 201 349 290
V  390 557 644 503 394 260 254
V  556 372 331 487 458 309 259
V  374 371 483 568 510 263 292
V  366 536 333 214 397 522 420
V  288 364 514 432 237 445 429
V  240 516 365 386 274 603 420
V  501 322 555 404 431 466 174
V  266 524 500 611 271 330 431
V  494 392 360 287 652 251 477
V  280 485 371 337 498 532 235
V  378 311 332 393 445 346 436
V  586 572 578 357 426 350 194
V  577 465 521 283 482 356 274
V  433 516 263 276 493 359 573
V  370 154 630 520 473 510 451
V  217 377 346 424 581 386 410
V  503 384 308 479 555 557 146
V  425 503 316 305 516 300 471
V  449 254 529 447 325 424 228
V  206 449 439 376 501 455 274
V  336 538 568 510 464 405 172
V  249 337 480 414 296 451 396
V  536 441 357 257 379 386 536
V  523 433 315 273 482 317 583
V  344 594 218 255 543 472 453
V  337 380 370 485 422 677 153
V  497 529 435 281 466 270 442
V  397 440 365 410 303 547 201
V  666 430 610 268 332 325 375
V  723 322 614 305 230 418 490
V  466 503 282 375 387 370 363
V  161 423 429 357 429 623 267
V  533 573 566 295 361 314 308
V  349 496 218 346 433 506 559
V  521 368 681 484 192 353 307
V  410 395 427 286 257 675 359
V  372 431 365 298 583 293 445
V  244 393 314 450 425 651 262
V  454 464 558 410 268 436 210
V  293 496 493 513 439 493 157
V  443 461 235 489 284 543 507
V  529 144 410 416 380 495 393
V  591 208 326 427 461 437 379
V  309 563 553 577 437 183 486
V  594 318 604 270 338 374 433
V  399 545 311 274 580 322 447
V  514 488 597 261 359 407 269
V  457 626 594 323 385 282 307
V  331 462 291 484 584 336 268
V  320 543 291 732 535 312 349
V  400 508 359 449 458 361 226
V  632 523 619 291 273 349 320
V  447 531 231 483 337 534 419
V  338 511 652 503 454 185 448
V  468 524 240 399 391 336 592
V  377 551 630 518 482 138 465
V  508 322 503 203 519 527 542
V  403 569 330 226 481 500 318
V  146 435 616 570 456 576 223
V  540 512 710 447 550 135 505
V  421 573 317 263 476 447 322
V  374 499 208 297 523 513 413
V  373 503 232 440 404 607 288
V  384 480 221 454 567 358 403
V  367 364 314 439 544 298 420
V  195 334 382 424 385 588 327
V  553 219 491 358 285 432 445
V  393 225 428 437 353 373 463
V  409 174 422 400 442 549 410
V  159 346 473 463 394 544 327
V  360 332 237 495 458 572 400
V  559 496 608 493 498 418 139
V  477 259 328 399 548 374 477
V  398 508 302 509 287 614 245
V  598 347 189 424 453 623 483
V  299 473 508 311 429 670 162
V  428 471 385 280 255 596 399
V  380 336 366 350 488 388 331
V  411 282 572 382 320 597 186
V  576 355 434 266 369 400 424
V  535 391 514 268 623 251 523
V  388 344 418 460 441 667 123
V  487 650 528 375 551 292 233
V  209 610 390 431 302 573 436
V  232 487 378 277 446 497 364
V  561 278 632 515 375 404 217
V  453 426 208 398 394 502 491
V  248 460 355 381 456 360 465
V  544 405 638 436 444 337 199
V  421 394 229 333 404 743 483
V  376 587 566 505 496 338 192
V  530 426 354 278 547 301 382
V  287 522 257 338 612 475 314
V  343 510 553 408 181 446 417
V  519 375 462 230 522 452 297
V  244 582 614 479 232 407 403
V  250 256 517 551 447 415 448
V  636 377 503 259 367 333 517
V  340 526 611 617 175 369 474
V  477 341 411 356 443 392 261
V  332 550 451 380 531 346 251
V  286 610 501 475 528 321 262
V  270 306 319 496 488 571 316
V  359 452 494 580 218 513 222
V  396 282 472 401 320 682 185
V  427 379 350 255 526 454 381
V  640 325 321 413 392 286 477
V  400 377 287 418 495 623 232
V  296 562 315 280 480 416 391
V  387 592 499 409 600 400 174
V  659 493 567 331 355 332 262
V  256 540 467 370 533 424 251
V  477 449 466 221 361 576 269
V  534 480 269 327 570 293 429
V  480 340 286 360 422 603 288
V  392 421 361 298 372 380 462
V  517 387 527 231 628 304 519
V  240 289 427 461 391 496 277
V  434 523 201 265 517 451 625
V  497 341 366 227 574 630 423
V  479 234 614 313 306 564 281
V  150 522 587 432 391 583 230
V  411 487 273 419 408 459 247
V  607 436 399 525 189 423 450
V  389 539 430 302 495 274 424
V  268 254 602 565 332 488 303
V  352 428 541 487 249 275 456
V  299 504 388 350 531 515 214
V  333 576 420 394 598 372 224
V  364 470 293 344 299 538 401
V  604 315 221 388 448 482 442
V  460 349 544 552 384 349 213
V  736 385 631 368 225 286 526
V  336 470 379 283 617 304 465
V  515 225 508 321 501 398 424
V  546 384 463 248 411 350 576
V  575 198 485 487 573 339 378
V  356 556 606 438 615 405 178
V  418 425 487 498 225 322 514
V  548 387 440 287 478 487 208
V  373 393 266 390 347 396 578
V  240 269 504 380 546 499 504
V  361 567 227 344 684 413 354
V  271 365 378 317 387 483 388
V  202 421 523 528 298 519 214
V  244 447 374 570 482 352 286
V  179 357 402 379 498 504 388
V  400 495 482 301 575 236 496
V  349 345 349 254 479 766 399
V  641 303 607 455 150 436 498
V  346 402 268 446 324 541 373
V  479 375 607 478 298 349 208
V  343 500 349 237 395 496 383
V  404 398 302 423 385 330 399
V  567 311 383 451 440 336 261
V  504 320 306 290 493 592 437
V  440 213 424 427 332 689 237
V  325 538 424 573 515 222 421
V  352 437 484 316 596 274 410
V  396 377 569 506 241 499 207
V  350 451 304 250 500 639 340
V  397 547 336 438 194 597 428
V  499 379 571 200 441 562 324
V  234 415 381 326 600 376 438
V  499 373 384 206 484 650 424
V  213 345 481 379 432 462 461
V  295 554 626 519 355 400 206
V  203 391 383 607 566 403 294
V  497 489 704 489 426 242 247
V  357 537 279 291 544 602 283
V  381 509 323 485 289 352 610
V  426 157 612 405 384 577 263
V  642 346 501 335 383 354 285
V  506 394 279 264 459 462 504
V  466 353 669 504 393 226 408
V  480 390 296 251 514 461 528
V  157 384 456 474 378 526 431
V  552 292 459 246 611 480 417
V  148 454 424 352 442 622 339
V  538 514 536 269 361 393 276
V  529 440 271 445 499 279 343
V  349 492 434 472 653 221 384
V  297 469 502 406 481 258 431
V  445 507 322 432 515 237 510
V  436 456 468 316 541 225 476
V  200 326 441 359 460 596 410
V  497 368 270 463 354 436 331
V  690 184 365 416 479 401 450
V  362 620 448 307 491 355 313
V  209 419 478 287 429 584 346
V  350 508 646 508 362 327 234
V  481 434 187 306 589 525 518
V  464 373 444 296 592 262 399
V  293 384 338 476 341 519 238
V  484 468 531 292 341 404 280
V  469 522 600 367 377 260 296
V  359 455 303 474 710 281 360
V  489 323 371 438 493 262 339
V  366 379 301 284 518 582 429
V  582 429 513 414 335 211 499
V  347 606 206 311 582 483 363
V  452 515 409 368 304 389 310
V  509 114 519 450 442 531 317
V  471 452 518 350 554 181 519
V  340 437 353 411 373 321 509
V  439 460 652 538 254 370 232
V  506 411 391 373 268 431 336
V  520 247 565 428 194 564 328
V  472 442 442 472 365 429 176
V  352 559 164 381 616 588 447
V  159 451 349 461 594 542 340
V  435 228 403 429 304 453 311
V  372 470 224 263 459 621 489
V  481 315 238 472 372 556 392
V  411 549 264 254 489 408 597
V  422 493 273 390 443 349 371
V  518 261 648 331 247 558 314
V  460 461 236 391 465 631 281
V  540 442 436 464 358 264 311
V  284 320 429 562 475 355 301
V  560 318 318 401 382 304 395
V  225 430 401 442 288 508 457
V  207 306 387 530 460 532 242
V  553 319 450 289 367 374 387
V  361 408 318 494 388 574 197
V  589 442 521 405 432 260 281
V  399 588 607 459 246 264 419
V  566 455 455 575 467 170 550
V  469 260 713 513 211 502 308
V  293 440 497 609 341 364 250
V  312 521 582 493 249 447 230
V  420 272 512 343 390 343 437
V  326 590 231 218 548 525 449
V  586 214 515 336 305 468 436
V  436 511 569 427 126 562 408
V  456 469 554 563 436 262 243
V  467 232 475 549 337 371 299
V  527 551 614 324 354 275 305
V  595 546 525 346 319 305 299
V  428 458 440 629 556 249 274
V  182 458 510 348 441 523 273
V  493 439 584 527 464 450 140
V  516 413 525 461 485 547 114
V  281 377 563 462 353 538 176
V  430 526 283 497 309 583 273
V  371 546 635 494 381 178 402
V  578 555 539 413 169 402 544
V  439 480 408 244 443 661 241
V  514 323 420 237 423 623 498
V  433 578 549 367 432 312 248
V  200 444 336 294 498 664 377
V  514 383 207 367 380 563 552
V  488 459 282 510 385 346 334
V  200 448 517 507 444 586 169
V  263 345 428 297 430 573 414
V  523 329 597 255 534 304 421
V  458 571 301 332 591 288 377
V  633 198 613 336 256 560 534
V  203 303 425 447 418 511 378
V  517 152 554 347 490 559 391
V  432 516 344 577 312 299 556
V  400 389 518 462 522 285 284
V  517 161 374 419 451 606 366
V  543 307 629 421 264 268 438
V  518 343 469 531 177 499 332
V  534 205 355 456 589 383 325
V  465 343 226 520 460 490 385
V  519 591 451 335 409 385 226
V  570 381 304 254 475 424 547
V  375 497 556 484 462 478 146
V  568 173 597 501 313 425 324
V  470 492 277 341 599 389 284
V  524 443 332 378 548 259 356
V  527 161 603 351 508 539 337
V  268 510 524 357 439 481 230
V  453 395 217 388 478 645 367
V  355 332 430 261 400 747 406
V  345 212 636 531 320 463 314
V  492 383 740 406 432 255 285
V  470 259 369 485 262 560 323
V  487 431 525 323 482 215 494
V  557 169 622 428 287 421 445
V  370 404 509 378 462 492 172
V  263 502 509 593 529 326 267
V  515 443 595 360 373 379 211
V  501 316 378 285 427 437 438
V  177 469 344 481 469 473 350
V  617 423 637 271 202 460 376
V  429 404 637 507 134 506 378
V  266 229 574 529 379 488 423
V  389 378 459 589 457 296 244
V  692 335 534 267 428 275 563
V  544 388 442 546 352 252 320
V  337 491 532 342 511 258 395
V  310 475 488 272 282 537 521
V  341 472 195 331 643 580 509
V  482 362 522 350 431 494 168
V  716 371 698 287 314 290 457
V  309 291 312 533 490 524 292
V  580 243 462 433 440 291 416
V  500 373 289 276 434 579 423
V  685 368 712 327 179 372 462
V  589 321 688 493 539 211 517
V  406 550 563 493 298 235 343
V  267 233 588 585 349 532 288
V  203 554 661 567 254 510 256
V  412 452 350 494 600 224 380
V  243 405 465 519 407 524 180
V  442 283 387 280 472 758 373
V  347 380 526 286 483 436 293
V  449 262 327 343 391 720 387
V  189 276 598 515 422 554 485
V  506 180 471 471 438 506 222
V  224 301 497 491 384 416 362
V  301 498 660 558 266 305 347
V  230 424 491 419 280 478 384
V  333 507 451 232 382 596 294
V  499 474 232 387 352 387 597
V  652 347 639 276 436 261 473
V  407 518 544 502 344 345 207
V  682 338 539 257 285 529 489
V  711 304 560 260 344 426 576
V  483 368 266 513 473 286 403
V  405 358 416 299 482 316 410
V  405 491 218 430 430 433 421
V  491 588 170 457 338 647 662
V  211 472 555 505 632 368 291
V  350 564 589 489 200 362 445
V  390 358 342 488 461 524 165
V  359 482 539 282 348 629 201
V  328 431 361 347 299 618 303
V  280 427 444 348 494 475 242
V  451 487 324 464 407 420 203
V  523 538 620 362 257 276 348
V  138 437 540 533 374 476 426
V  557 480 471 366 377 254 339
V  148 549 581 411 537 650 185
V  533 339 695 428 518 386 200
V  441 397 441 364 579 584 138
V  337 513 182 349 504 617 532
V  555 516 426 376 288 341 364
V  445 357 347 245 465 612 499
V  376 194 619 392 454 449 339
V  221 559 466 312 381 433 399
V  158 406 426 408 424 532 375
V  338 424 353 536 317 606 196
V  540 451 330 318 564 268 383
V  554 434 321 504 371 251 477
V  564 471 258 453 393 285 550
V  459 354 421 220 618 488 443
V  407 606 486 311 510 235 448
V  507 364 509 262 435 614 209
V  298 423 426 299 484 622 242
V  506 380 331 488 489 552 148
V  127 380 481 547 409 602 242
V  583 347 307 421 482 537 202
V  569 374 366 265 451 332 495
V  260 496 420 547 451 275 444
V  436 601 255 550 237 511 631
V  401 421 252 409 352 487 373
V  418 580 639 516 475 349 171
V  545 286 577 521 417 315 258
V  477 456 341 539 291 301 568
V  526 520 365 465 178 515 450
V  493 218 697 592 435 301 499
V  539 358 691 324 257 336 402
V  459 337 424 319 448 445 257
V  553 580 678 346 337 328 249
V  294 440 580 525 348 406 212
V  463 537 500 532 614 205 341
V  261 267 576 424 512 404 488
V  376 391 265 400 282 618 477
V  335 437 298 576 506 317 304
V  296 589 465 365 565 357 271
V  440 232 586 491 254 475 358
V  424 214 516 321 497 567 417
V  307 506 446 250 307 633 362
V  268 620 568 539 513 233 448
V  354 427 378 261 588 346 441
V  409 545 249 377 378 408 425
V  298 605 385 481 216 450 488
V  434 415 368 426 480 639 146
V  371 374 386 462 407 303 319
V  147 428 419 410 559 557 325
V  427 641 497 404 632 333 194
V  534 396 541 355 552 258 312
V  368 366 522 352 223 605 298
V  302 518 587 617 238 362 327
V  437 307 489 332 469 616 197
V  274 493 244 328 558 628 383
V  223 458 518 352 492 349 506
V  384 461 370 269 558 622 247
V  460 167 529 374 399 526 374
V  480 424 164 449 589 648 459
V  398 356 378 368 379 591 219
V  542 314 331 364 387 357 391
V  357 418 581 532 243 426 233
V  469 549 670 407 404 284 224
V  203 455 372 382 450 397 432
V  378 532 594 318 464 416 229
V  190 422 424 319 390 531 438
V  394 576 186 334 547 601 385
V  361 499 410 588 481 211 401
V  310 324 442 317 410 725 289
V  207 544 450 411 457 349 525
V  211 420 496 363 356 436 422
V  221 476 658 551 345 493 195
V  265 460 296 343 378 470 402
V  295 327 483 327 648 371 554
V  321 513 481 305 430 714 173
V  279 527 710 609 210 512 276
V  603 527 468 327 211 446 493
V  292 261 662 488 277 532 272
V  252 384 639 524 248 470 458
V  336 356 279 490 466 451 250
V  474 548 559 405 679 194 381
V  269 356 525 351 302 537 299
V  391 546 240 457 554 344 317
V  255 424 367 471 310 505 319
V  420 691 498 334 476 254 360
V  289 549 479 289 517 333 462
V  540 204 668 552 413 334 338
V  364 582 556 453 428 227 347
V  642 419 459 379 206 413 449
V  501 186 619 301 497 597 519
V  320 476 275 380 382 394 597
V  542 277 543 534 240 371 381
V  192 347 409 335 466 557 477
V  393 440 271 671 475 306 491
V  531 442 365 384 596 484 160
V  239 480 414 498 437 465 207
V  295 331 488 435 540 344 341
V  187 581 478 402 530 529 223
V  470 449 499 370 516 231 349
V  502 400 171 370 451 674 525
V  437 191 507 320 454 710 442
V  434 380 350 300 346 704 312
V  421 305 563 324 547 303 449
V  299 476 285 242 551 496 447
V  522 522 379 526 577 196 557
V  167 463 757 614 357 483 249
V  205 420 385 421 549 378 427
V  662 464 460 348 228 393 428
V  387 510 167 331 560 615 471
V  575 384 375 389 534 216 504
V  453 251 573 261 390 650 362
V  440 486 448 361 685 187 448
V  511 337 592 431 188 478 265
V  326 498 394 314 533 447 265
V  334 419 232 449 395 652 346
V  266 494 443 330 545 675 179
V  469 465 307 567 330 471 264
V  329 467 588 455 601 242 335
V  530 268 269 380 438 651 429
V  469 413 222 514 513 481 297
V  519 307 414 327 395 379 312
V  611 253 615 549 551 277 376
V  245 447 457 486 489 394 248
V  426 713 450 305 483 293 363
V  349 454 311 390 573 450 235
V  504 149 538 490 435 396 340
V  320 544 433 675 595 225 373
V  628 273 414 325 334 427 520
V  384 402 349 341 563 288 448
V  438 519 519 341 432 391 216
V  470 449 443 539 572 177 463
V  490 275 561 407 184 554 368
V  351 338 555 375 234 491 327
V  527 378 204 401 653 440 484
V  360 543 352 674 394 275 551
V  479 222 535 426 327 610 192
V  404 408 346 279 336 694 352
V  449 378 651 276 243 607 415
V  267 334 471 337 522 426 462
V  426 415 489 288 589 294 378
V  359 625 183 384 603 574 361
V  379 398 452 255 584 335 483
V  228 534 738 584 263 392 330
V  501 483 288 555 352 440 292
V  493 180 589 313 455 578 416
V  528 479 590 336 257 355 316
V  402 535 577 612 231 384 247
V  441 323 334 376 291 516 375
V  375 597 195 336 515 640 368
V  259 617 263 389 588 556 338
V  182 460 445 497 307 592 302
V  318 377 577 413 460 307 344
V  505 525 475 312 531 506 146
V  433 542 442 446 144 598 467
V  394 455 527 439 349 477 171
V  378 528 371 429 430 285 384
V  475 475 261 259 510 451 388
V  468 444 240 333 410 514 368
V  534 311 438 482 608 617 126
V  542 251 305 377 367 540 456
V  283 367 348 391 377 395 494
V  374 305 553 259 446 744 404
V  476 270 732 558 428 266 451
V  107 390 564 643 465 518 354
V  364 435 461 470 331 474 182
V  411 555 644 357 346 310 284
V  504 453 651 328 255 369 309
V  554 334 601 254 298 511 431
V  423 463 409 367 665 213 420
V  356 598 496 336 484 316 310
V  549 371 300 447 481 256 379
V  535 511 342 398 637 292 280
V  429 372 544 449 314 251 364
V  317 531 303 676 496 301 439
V  648 281 642 333 208 428 545
V  160 363 714 587 323 453 365
V  506 181 403 386 339 589 338
V  238 488 370 448 624 366 333
V  371 573 705 534 408 202 330
V  702 325 422 432 540 234 479
V  208 353 422 444 357 454 378
V  395 606 197 420 418 553 605
V  320 510 720 415 442 356 249
V  378 455 649 538 159 551 290
V  161 298 579 659 430 519 344
V  571 563 176 559 428 530 613
V  530 287 605 498 378 294 295
V  481 472 457 520 401 189 443
V  417 153 454 424 436 588 343
V  104 417 670 629 380 548 321
V  553 600 405 413 154 559 520
V  592 420 600 354 255 277 452
V  432 550 717 514 373 271 233
V  351 404 433 335 439 314 398
V  485 500 237 299 527 418 389
V  414 402 294 294 585 406 422
V  417 562 245 472 336 387 605
V  200 613 615 426 423 552 207
V  281 528 340 408 531 348 371
V  490 377 406 332 327 368 366
V  573 561 483 444 145 486 432
V  392 605 384 240 415 406 411
V  596 402 533 321 380 245 412
V  385 382 542 441 575 252 332
V  525 450 401 451 169 555 362
V  621 454 583 391 440 305 230
V  177 425 487 545 422 361 467
V  399 231 544 526 511 331 435
V  178 338 633 576 305 531 286
V  381 400 389 390 272 400 405
V  294 428 298 465 448 537 223
V  528 484 528 305 430 357 254
V  444 419 476 325 584 241 382
V  337 383 712 570 209 489 285
V  526 563 547 386 507 391 155
V  252 512 551 522 330 488 191
V  539 408 253 543 286 492 465
V  354 450 543 525 186 432 365
V  492 143 656 477 418 421 425
V  147 452 468 374 409 615 283
V  571 449 334 380 277 363 555
V  565 534 506 283 450 465 185
V  307 314 307 525 475 550 265
V  356 242 473 383 305 504 346
V  398 323 466 469 367 563 155
V  433 392 401 298 656 267 436
V  517 521 539 353 609 573 104
V  494 411 243 267 530 573 477
V  493 250 466 343 280 629 401
V  549 471 544 390 446 351 200
V  176 468 499 555 461 362 414
V  253 469 556 394 506 534 193
V  535 401 454 264 459 632 212
V  365 426 609 450 385 286 306
V  378 392 558 442 195 401 453
V  558 420 625 396 271 231 384
V  240 471 574 530 399 296 395
V  474 433 585 359 237 366 320
V  434 548 276 263 570 354 571
V  328 272 524 347 374 507 312
V  550 552 179 583 565 455 595
V  426 446 358 342 286 505 319
V  302 414 554 452 260 628 211
V  521 369 397 321 284 400 603
V  266 480 605 669 232 430 302
V  293 393 339 544 532 306 384
V  428 372 328 574 469 255 352
V  426 508 450 494 191 408 422
V  427 432 292 264 445 621 351
V  422 484 304 273 334 615 392
V  472 476 478 195 678 495 516
V  602 407 528 345 481 205 475
V  561 392 628 360 403 264 306
V  305 481 432 303 258 621 409
V  504 260 571 270 458 577 248
V  582 375 177 472 541 557 476
V  338 515 640 494 321 219 453
V  448 593 187 387 421 545 690
V  228 339 408 370 330 546 412
V  303 501 555 556 211 477 277
V  333 487 390 515 230 405 524
V  571 343 666 552 429 417 179
V  521 522 271 466 220 476 582
V  248 248 536 404 540 538 437
V  460 209 667 395 252 596 287
V  369 137 615 558 478 562 412
V  241 597 557 417 532 557 173
V  533 401 214 500 484 385 442
V  554 153 451 366 491 587 318
V  560 349 663 509 325 414 185
V  516 526 388 420 158 598 482
V  514 378 367 368 407 619 202
V  469 515 270 431 426 381 273
V  525 329 578 500 233 336 333
V  545 274 325 334 377 566 487
V  418 501 316 457 216 558 416
V  366 299 523 271 404 725 301
V  300 452 256 289 513 682 400
V  656 423 447 276 318 357 566
V  400 210 664 516 315 443 308
V  490 446 373 373 728 256 341
V  587 308 521 329 325 307 409
V  272 538 443 567 529 379 234
V  449 335 495 305 458 599 200
V  472 415 450 643 434 228 315
V  631 408 524 376 384 247 332
V  390 361 245 450 466 617 329
V  362 474 341 319 352 410 432
V  241 509 415 280 324 526 522
V  591 288 294 336 444 529 425
V  483 567 642 407 415 181 391
V  504 300 579 276 284 630 293
V  463 508 356 253 409 558 285
V  513 229 529 485 231 616 292
V  577 466 514 448 532 159 590
V  403 565 217 530 575 435 315
V  555 322 539 461 338 354 234
V  443 298 401 546 274 499 250
V  312 495 632 632 388 338 231
V  391 472 397 217 547 494 363
V  517 347 233 342 497 545 454
V  470 433 339 461 491 327 249
V  405 422 235 524 498 567 248
V  534 292 310 311 503 602 397
V  391 595 611 381 459 284 265
V  440 215 602 496 450 328 453
V  187 413 396 398 403 478 341
V  253 370 511 497 273 474 302
V  404 259 363 410 269 595 381
V  414 257 423 506 504 587 177
V  513 461 285 404 448 367 279
V  468 501 525 616 491 223 294
V  586 332 621 242 429 430 367
V  560 374 616 211 493 452 343
V  200 478 620 597 354 327 415
V  445 473 161 499 645 621 435
V  448 254 546 435 425 658 163
V  613 256 636 509 475 317 289
V  605 399 491 245 521 296 565
V  283 300 522 482 268 496 320
V  453 402 359 485 450 705 136
V  450 471 347 516 392 255 463
V  392 512 247 520 309 588 419
V  145 445 623 541 358 445 468
V  572 368 604 253 240 582 405
V  574 410 253 465 491 261 537
V  210 561 664 446 547 562 177
V  177 334 619 520 335 487 421
V  429 363 532 206 548 616 454
V  643 423 639 273 358 284 461
V  575 246 329 355 387 576 447
V  514 367 541 411 196 416 357
V  242 535 353 422 549 350 462
V  395 303 396 433 348 613 198
V  583 492 353 491 169 603 620
V  365 183 560 519 389 460 299
V  479 435 314 500 663 267 301
V  412 637 297 373 700 370 244
V  500 515 680 316 174 587 397
V  204 320 666 571 347 420 416
V  237 237 477 531 475 549 397
V  429 499 574 321 198 717 433
V  232 549 538 342 473 492 250
V  408 475 285 363 369 448 337
V  557 293 430 426 551 264 370
V  557 152 633 586 420 369 386
V  422 384 326 377 345 488 263
V  397 440 439 225 556 380 508
V  527 354 497 348 186 620 358
V  601 336 552 495 516 237 333
V  556 384 359 309 483 279 406
V  464 487 365 589 535 320 211
V  481 493 181 288 482 569 647
V  503 296 597 492 536 255 400
V  536 315 637 354 195 656 310
V  224 363 338 429 378 528 343
V  440 440 479 200 448 533 462
V  297 531 582 524 382 222 435
V  487 514 365 477 523 415 173
V  342 508 385 205 431 625 376
V  426 499 444 337 310 342 463
V  535 230 410 319 392 728 376
V  292 558 569 313 392 451 289
V  534 561 395 335 253 435 494
V  353 479 574 623 497 343 197
V  392 160 489 476 463 506 277
V  587 219 542 272 459 594 467
V  328 482 518 419 329 268 466
V  594 439 460 472 383 280 268
V  265 212 559 567 384 540 384
V  377 596 697 525 366 344 205
V  588 210 321 416 589 549 404
V  450 228 395 375 397 565 290
V  329 391 395 338 676 311 407
V  487 490 183 452 576 634 373
V  381 531 451 346 606 641 144
V  473 549 527 444 270 343 249
V  410 390 409 208 502 619 456
V  373 222 616 428 322 416 417
V  379 411 301 434 375 366 364
V  537 448 295 246 403 478 588
V  139 365 642 543 357 548 381
V  524 449 418 476 493 355 199
V  393 470 353 498 210 479 490
V  426 435 510 526 152 542 437
V  340 541 426 427 199 482 476
V  238 463 349 505 348 374 451
V  354 512 247 438 418 545 272
V  550 396 338 403 418 307 305
V  369 596 597 579 556 319 199
V  163 336 608 601 408 423 398
V  245 502 350 376 573 384 376
V  261 356 381 426 324 592 244
V  362 510 675 411 236 380 329
V  478 134 647 536 366 531 317
V  390 471 298 326 374 501 333
V  531 522 466 335 441 276 315
V  230 285 593 563 378 418 463
V  225 504 574 399 548 429 255
V  335 603 624 514 387 333 226
V  472 547 468 371 505 363 205
V  538 295 385 271 458 604 473
V  582 195 646 392 272 391 479
V  195 420 563 420 363 421 443
V  472 234 609 564 355 332 307
V  332 309 401 310 412 502 486
V  503 390 663 394 332 401 194
V  441 458 350 257 449 369 431
V  285 413 364 425 268 582 423
V  241 464 275 336 628 562 486
V  275 611 537 465 453 252 441
V  147 461 529 565 482 416 448
V  336 251 496 525 311 427 362
V  605 336 506 243 431 384 568
V  385 438 257 472 303 447 545
V  530 504 617 274 226 446 396
V  780 396 570 360 168 454 501
V  386 350 574 521 345 268 364
V  152 398 590 606 417 414 375
V  201 545 623 349 298 603 470
V  433 454 184 426 624 530 437
V  170 445 408 595 537 381 428
V  516 474 381 450 400 225 439
V  506 343 633 333 185 646 350
V  301 455 585 392 395 382 268
V  378 322 459 367 491 354 310
V  727 393 572 275 247 407 460
V  364 402 233 489 511 563 312
V  489 315 666 356 196 532 379
V  492 249 486 267 556 582 492
V  383 566 675 577 454 241 261
V  407 514 664 297 229 471 406
V  298 211 529 417 470 666 361
V  517 523 343 345 508 450 206
V  396 499 198 527 588 449 401
V  337 225 493 512 367 422 433
V  317 480 272 279 546 443 451
V  507 554 411 321 483 237 443
V  539 586 196 359 396 505 720
V  390 488 506 524 569 239 294
V  339 423 366 297 411 378 445
V  342 611 242 191 560 694 468
V  513 470 161 488 514 594 540
V  431 596 247 511 318 543 361
V  480 273 665 473 288 288 425
V  526 543 198 449 563 385 543
V  277 552 637 490 346 298 357
V  583 252 642 292 334 429 484
V  431 551 607 514 283 202 506
V  502 429 415 524 568 241 310
V  256 473 302 352 433 419 567
V  446 337 597 377 543 242 409
V  193 548 521 390 582 458 264
V  501 473 672 384 499 319 221
V  242 559 478 623 458 268 473
V  178 382 528 518 344 431 415
V  177 568 514 350 451 472 452
V  318 403 407 244 532 445 464
V  311 419 695 615 263 363 288
V  307 366 518 540 395 318 304
V  469 340 284 444 349 345 536
V  156 336 547 476 369 582 437
V  349 526 370 493 333 346 334
V  415 469 423 586 393 219 467
V  292 520 331 244 442 445 506
V  258 543 664 552 275 345 352
V  402 557 299 330 619 333 357
V  328 340 460 401 270 413 433
V  319 349 377 485 318 373 490
V  580 456 487 282 421 510 183
V  290 232 497 393 476 627 428
V  333 207 542 406 539 491 478
V  149 296 554 601 453 601 332
V  343 533 412 200 396 706 420
V  436 516 320 319 547 349 321
V  146 323 660 587 368 631 299
V  265 472 303 503 541 373 297
V  624 346 314 440 464 252 502
V  730 355 610 265 361 303 571
V  435 286 674 588 489 269 433
V  525 235 606 494 485 480 203
V  435 326 538 504 478 253 369
V  334 424 439 600 450 369 216
V  351 481 416 544 204 468 424
V  567 437 560 691 567 230 274
V  699 352 624 305 226 385 576
V  510 181 488 467 299 590 293
V  157 340 561 532 339 626 302
V  311 444 483 517 310 278 438
V  420 356 438 406 246 408 373
V  261 318 414 383 336 520 330
V  536 460 357 492 453 344 216
V  189 392 564 582 419 514 234
V  614 370 489 474 365 257 304
V  426 220 596 355 294 663 265
V  543 481 365 455 469 551 142
V  542 236 474 391 231 636 433
V  512 402 568 231 341 454 363
V  517 342 392 294 541 278 523
V  257 509 609 432 418 286 423
V  379 578 290 374 302 433 490
V  357 307 566 596 413 287 456
V  322 229 509 454 365 439 453
V  261 372 480 312 374 583 299
V  461 531 200 405 474 591 369
V  190 488 564 363 333 729 286
V  419 502 573 394 202 387 355
V  242 413 329 347 493 421 444
V  346 423 410 263 323 580 472
V  497 221 630 507 295 323 473
V  483 564 600 498 386 150 492
V  494 569 284 542 261 535 367
V  561 426 552 563 190 370 357
V  454 311 486 358 297 697 194
V  174 602 413 308 404 596 417
V  368 318 625 469 478 276 496
V  621 236 327 452 450 406 315
V  272 546 573 641 382 269 380
V  497 528 391 274 386 367 395
V  191 529 535 383 553 402 443
V  441 150 549 503 461 444 461
V  408 459 172 463 512 676 555
V  337 518 602 382 538 282 323
V  472 413 493 193 588 583 519
V  324 363 373 318 348 485 405
V  469 298 577 459 219 609 240
V  252 410 616 446 285 452 313
V  360 446 551 315 351 440 277
V  262 639 702 540 384 420 209
V  393 317 479 353 274 403 511
V  248 451 660 606 248 489 259
V  213 561 360 247 471 534 418
V  466 410 632 310 301 330 406
V  582 483 508 283 324 437 263
V  510 497 595 314 324 457 224
V  568 236 454 317 489 405 571
V  486 173 703 445 299 487 435
V  364 499 368 257 321 501 512
V  507 498 292 588 286 470 360
V  398 576 348 553 230 535 304
V  634 208 646 425 355 315 554
V  371 158 644 576 443 554 316
V  411 425 290 426 511 316 324
V  289 442 303 577 571 483 218
V  293 430 409 323 710 322 427
V  351 546 613 386 427 351 245
V  356 452 440 256 461 637 251
V  133 420 449 480 493 554 319
V  291 508 501 470 397 251 467
V  300 532 428 575 229 513 336
V  279 619 532 549 588 302 269
V  275 489 388 380 558 519 205
V  345 541 429 314 396 611 217
V  404 448 605 514 426 278 250
V  369 414 580 272 275 566 383
V  617 260 681 391 348 280 506
V  425 505 261 446 482 360 281
V  383 272 367 447 417 561 222
V  515 599 368 403 632 327 237
V  370 542 272 524 683 289 298
V  238 455 773 641 260 450 271
V  121 494 612 481 596 559 330
V  574 480 539 468 602 586 95
V  484 260 610 334 257 532 399
V  446 568 192 347 473 502 592
V  252 345 285 476 449 515 444
V  464 525 286 481 605 243 474
V  217 297 621 550 303 604 260
V  368 409 546 477 526 221 437
V  359 457 529 309 345 373 349
V  312 477 199 426 592 582 498
V  293 402 498 311 572 345 515
V  517 406 227 324 390 589 583
V  451 366 233 354 414 753 443
V  272 248 714 557 317 550 297
V  187 336 434 403 492 543 321
V  299 513 473 515 221 585 329
V  502 412 565 425 465 326 220
V  552 510 467 313 432 343 261
V  334 467 395 442 463 267 480
V  350 517 426 507 631 310 249
V  499 494 412 543 205 392 428
V  488 281 563 465 266 418 261
V  499 389 282 471 671 288 318
V  504 353 307 555 548 306 271
V  357 398 487 604 461 232 397
V  107 533 591 448 494 629 339
V  158 325 685 645 345 549 311
V  555 351 611 558 471 328 220
V  344 591 208 512 654 506 341
V  124 428 599 545 484 508 382
V  245 480 403 266 492 403 488
V  634 199 514 311 484 471 546
V  525 374 221 452 561 386 472
V  337 546 331 193 475 725 413
V  395 327 443 460 433 568 153
V  370 466 362 347 775 270 400
V  562 369 495 387 649 544 140
V  283 527 355 610 581 305 316
V  267 366 442 388 271 540 445
V  199 327 355 506 466 493 309
V  446 542 178 338 538 542 623
V  427 537 228 587 665 374 321
V  509 381 322 356 315 411 432
V  229 478 627 366 446 602 192
V  463 440 411 297 561 369 285
V  151 381 516 605 395 479 301
V  481 460 502 412 637 166 503
V  387 428 297 529 333 345 544
V  257 233 527 543 390 501 451
V  570 144 419 416 527 658 306
V  533 220 477 506 266 426 405
V  415 459 664 387 491 267 290
V  228 464 315 474 554 394 348
V  594 172 367 425 493 555 350
V  473 515 487 478 334 209 426
V  489 182 574 598 362 367 355
V  360 443 543 349 478 304 329
V  419 376 601 305 318 365 372
V  234 411 312 454 380 634 323
V  432 568 414 192 541 607 442
V  443 417 377 338 673 234 437
V  510 400 341 344 736 277 358
V  468 570 634 421 605 258 246
V  454 465 181 402 487 605 455
V  196 506 498 511 592 346 403
V  487 326 518 438 457 620 134
V  537 307 461 491 542 612 128
V  696 397 736 377 233 272 436
V  434 386 192 449 672 613 497
V  450 549 494 408 571 293 239
V  238 481 544 449 398 336 370
V  427 638 306 249 571 406 380
V  529 472 528 236 463 575 225
V  557 509 473 238 487 593 228
V  220 416 390 348 412 528 300
V  366 634 449 463 690 286 251
V  339 250 521 548 320 422 313
V  326 602 238 378 711 428 344
V  490 247 311 434 399 533 322
V  445 642 293 286 566 353 384
V  447 231 460 370 295 637 273
V  405 407 388 458 627 231 381
V  230 368 392 404 394 438 336
V  379 530 662 553 171 387 525
V  535 460 477 349 558 344 239
V  317 222 681 503 336 465 387
V  342 460 472 574 518 214 426
V  391 492 588 499 471 332 200
V  485 385 234 466 425 547 304
V  225 477 504 359 521 405 327
V  512 521 201 439 488 694 348
V  553 364 585 226 454 400 383
V  454 402 307 365 367 457 291
V  245 391 479 473 279 435 369
V  492 311 463 325 254 595 429
V  508 423 515 502 568 618 96
V  284 461 541 361 588 289 563
V  178 582 464 396 542 436 376
V  407 304 492 438 271 447 247
V  685 300 577 247 399 425 600
V  354 223 435 442 298 539 355
V  240 427 679 588 360 396 266
V  374 255 531 630 420 322 504
V  137 423 639 510 354 529 373
V  554 294 494 315 539 428 257
V  340 524 285 381 289 621 443
V  360 425 314 472 413 455 211
V  496 549 189 487 576 628 341
V  333 266 451 329 360 688 414
V  257 536 679 472 445 310 351
V  482 328 501 625 525 285 268
V  675 372 544 306 343 290 411
V  254 385 334 453 568 365 359
V  289 479 613 518 226 386 406
V  468 309 664 470 372 398 209
V  503 288 571 288 366 388 452
V  543 478 249 537 339 483 377
V  431 450 201 477 532 476 425
V  463 486 417 468 557 518 129
V  627 281 558 564 191 470 343
V  512 558 593 402 193 355 486
V  280 467 339 342 546 369 386
V  538 338 289 529 277 532 377
V  514 486 497 282 383 325 342
V  251 377 467 427 530 339 459
V  381 553 331 397 748 278 338
V  284 540 328 464 570 359 281
V  623 505 633 293 171 562 387
V  463 567 409 462 568 418 162
V  199 272 443 520 422 669 309
V  466 601 494 499 549 356 167
V  507 228 426 499 515 337 347
V  549 494 474 405 281 302 361
V  343 405 606 358 564 273 517
V  395 269 507 401 246 498 379
V  164 315 579 500 363 621 370
V  389 568 640 425 196 380 496
V  292 369 447 330 415 385 503
V  337 444 333 236 553 663 352
V  554 448 704 604 419 255 238
V  659 346 508 302 246 441 655
V  380 231 496 355 492 444 513
V  275 316 585 554 335 354 426
V  130 606 452 421 540 615 248
V  336 549 483 446 580 211 461
V  258 237 541 599 360 545 316
V  489 442 310 442 248 431 656
V  461 562 681 693 550 151 384
V  266 521 270 320 398 688 428
V  539 153 459 420 398 475 339
V  368 531 176 333 528 654 454
V  762 339 584 495 484 209 631
V  506 412 406 475 415 240 366
V  372 510 469 461 546 200 441
V  412 555 266 546 321 372 644
V  330 476 698 578 185 467 364
V  373 594 538 350 528 460 192
V  596 185 386 412 452 431 366
V  220 476 575 635 338 451 233
V  135 390 525 619 480 447 455
V  147 344 674 567 351 587 314
V  301 515 523 469 503 315 270
V  349 276 593 360 402 409 427
V  448 654 281 342 605 364 294
V  587 457 374 284 360 346 567
V  460 441 459 477 489 192 479
V  583 522 547 501 500 404 146
V  218 503 569 614 484 518 188
V  339 352 302 499 400 446 252
V  342 232 373 465 327 539 281
V  253 221 610 592 547 623 360
V  253 412 581 467 395 433 238
V  477 364 188 447 539 639 491
V  485 496 374 518 259 443 284
V  303 375 564 585 522 329 282
V  450 368 282 339 412 593 328
V  553 656 182 481 300 599 785
V  513 175 569 516 318 445 330
V  106 531 635 470 461 622 283
V  493 672 480 346 558 331 236
V  266 500 258 259 540 597 520
V  609 195 547 544 560 508 208
V  226 338 489 476 293 643 298
V  526 519 630 260 295 428 301
V  595 421 250 441 354 336 555
V  478 463 235 411 489 312 579
V  330 366 421 403 562 289 371
V  554 324 477 225 521 500 418
V  437 370 627 334 292 428 272
V  196 299 549 506 337 699 276
V  476 192 417 427 341 657 271
V  520 179 434 409 386 621 250
V  492 260 330 421 358 409 338
V  239 609 565 374 490 315 483
V  452 539 180 502 632 607 349
V  382 587 619 384 170 614 471
V  474 459 454 259 661 273 501
V  433 153 619 507 447 462 330
V  266 566 535 339 300 437 410
V  393 436 252 492 405 367 513
V  359 368 448 427 344 490 188
V  415 586 243 305 338 556 516
V  271 310 522 487 291 614 206
V  525 481 401 524 515 191 495
V  419 444 653 485 569 259 265
V  548 419 427 469 276 312 375
V  350 529 463 567 244 315 487
V  483 245 668 437 420 321 347
V  748 469 435 497 140 522 592
V  222 446 518 630 613 377 275
V  617 427 725 392 270 227 437
V  338 418 435 292 446 683 231
V  229 258 445 507 481 510 464
V  131 452 535 431 416 600 304
V  130 467 616 690 488 493 306
V  340 551 252 251 650 455 440
V  417 430 255 253 585 591 466
V  562 539 603 502 346 160 494
V  416 402 475 365 482 594 137
V  426 532 241 667 637 362 296
V  231 289 607 619 348 462 328
V  585 421 312 338 556 250 577
V  496 543 352 448 418 248 403
V  586 259 309 425 385 379 422
V  572 148 611 431 335 597 269
V  425 369 611 534 454 229 390
V  585 240 294 463 466 578 420
V  578 359 497 408 505 331 246
V  334 193 544 476 360 575 279
V  413 461 450 198 568 549 527
V  489 474 294 284 554 301 619
V  556 516 460 563 369 194 563
V  460 237 444 379 415 545 236
V  430 609 286 393 248 623 531
V  610 330 225 421 382 512 510
V  260 477 443 417 265 530 332
V  467 469 396 438 304 640 182
V  336 589 340 579 250 404 603
V  186 517 570 524 311 389 466
V  611 348 485 295 465 261 427
V  410 652 179 452 530 524 520
V  433 498 286 462 521 387 223
V  400 509 574 600 155 443 440
V  561 345 372 283 496 312 498
V  545 358 568 501 538 558 122
V  412 364 606 374 563 247 497
V  519 427 716 612 549 338 191
V  620 566 370 484 165 564 658
V  337 583 630 498 177 523 394
V  518 705 179 531 356 572 761
V  193 522 460 642 560 356 380
V  208 447 699 605 466 488 215
V  128 492 487 580 459 541 286
V  353 471 531 447 583 203 466
V  388 531 242 658 626 367 295
V  351 563 507 520 556 532 138
V  501 500 484 283 444 549 176
V  316 315 470 398 335 392 493
V  520 378 379 552 273 398 320
V  176 454 385 328 457 551 440
V  543 283 556 561 493 275 345
V  219 382 323 372 537 589 363
V  262 356 486 556 422 427 251
V  678 459 652 510 180 352 441
V  433 564 570 491 579 517 127
V  425 488 489 406 524 338 225
V  263 429 304 440 527 379 358
V  556 569 532 394 136 523 461
V  145 497 400 488 460 572 283
V  479 524 404 237 391 420 391
V  611 360 451 501 156 580 524
V  415 485 612 572 327 257 277
V  274 223 455 492 567 575 321
V  495 230 614 476 249 455 352
V  572 471 549 220 427 458 298
V  490 315 632 416 531 320 265
V  787 402 447 460 157 475 568
V  189 298 540 635 445 448 445
V  416 561 535 500 176 409 503
V  420 352 471 299 468 309 533
V  376 476 413 239 500 406 388
V  423 552 241 372 318 682 436
V  341 186 574 430 533 530 411
V  461 387 434 290 330 391 461
V  375 423 431 461 213 437 512
V  497 327 491 361 585 597 163
V  598 601 552 514 149 472 344
V  479 320 723 343 437 387 249
V  328 621 570 438 462 238 367
V  534 438 388 393 530 479 162
V  595 364 718 392 144 462 455
V  475 507 449 257 559 656 211
V  419 363 495 445 296 271 418
V  405 189 463 459 348 509 289
V  599 341 654 307 237 410 368
V  171 471 650 607 375 381 449
V  409 551 330 447 566 390 212
V  504 635 193 409 452 478 696
V  303 623 644 531 493 425 175
V  522 172 550 444 270 590 367
V  388 218 600 486 324 399 397
V  347 422 694 567 255 387 245
V  476 312 603 340 466 585 177
V  284 492 532 356 631 351 316
V  505 360 465 213 405 631 431
V  505 310 475 383 222 471 381
V  234 332 527 584 396 357 408
V  595 278 322 421 514 428 291
V  542 362 287 506 270 465 406
V  424 530 228 508 331 557 447
V  549 373 226 452 396 451 449
V  512 378 382 240 510 405 467
V  391 237 491 428 323 600 212
V  266 244 423 468 573 536 388
V  533 533 438 399 642 185 597
V  546 211 547 295 337 625 495
V  178 525 555 323 373 542 400
V  562 328 338 421 270 415 433
V  410 520 458 341 592 203 497
V  381 258 552 391 303 416 436
V  383 585 187 281 530 610 472
V  467 411 561 340 505 312 288
V  614 298 524 350 503 317 309
V  442 391 271 475 275 583 419
V  602 370 595 492 133 483 522
V  410 178 436 456 412 593 275
V  588 190 448 379 475 464 308
V  643 287 586 364 184 512 433
V  361 481 508 203 477 622 374
V  357 498 380 260 442 528 295
V  538 420 567 469 565 174 456
V  422 195 477 447 383 602 239
V  357 540 522 318 546 709 143
V  386 218 678 447 270 585 240
V  505 529 247 513 246 495 630
V  490 512 555 651 223 363 269
V  580 153 468 420 545 638 252
V  516 369 669 423 157 442 505
V  294 575 625 456 434 360 252
V  451 385 313 347 626 331 369
V  588 220 533 476 485 539 184
V  456 536 299 521 305 536 271
V  160 517 670 437 320 706 323
V  599 367 566 509 167 404 510
V  433 663 449 375 639 372 197
V  142 338 536 557 442 518 414
V  567 397 637 318 162 657 383
V  456 459 583 304 382 392 260
V  628 201 580 583 558 312 424
V  366 548 572 399 271 319 426
V  475 559 330 239 456 398 463
V  201 513 645 371 488 497 254
V  450 178 442 440 325 509 337
V  654 297 591 287 264 507 605
V  328 612 655 588 447 314 233
V  380 403 634 581 204 431 288
V  399 417 296 285 397 480 480
V  538 159 540 391 377 664 247
V  421 147 737 494 430 487 415
V  322 259 510 456 266 569 294
V  410 401 482 549 193 468 310
V  551 263 506 320 274 629 421
V  572 398 726 384 232 281 395
V  344 570 313 251 404 456 471
V  360 297 352 522 551 602 205
V  460 504 234 561 544 391 300
V  276 532 425 251 392 682 319
V  183 460 466 326 474 530 329
V  236 336 497 389 462 548 265
V  320 453 518 371 597 340 296
V  453 264 524 256 417 655 492
V  466 653 376 388 702 398 194
V  476 576 673 481 475 162 398
V  433 472 402 491 399 235 406
V  555 370 424 547 467 338 223
V  295 342 302 419 400 606 350
V  403 234 477 441 371 353 409
V  484 285 265 425 495 527 376
V  262 331 651 503 282 510 254
V  574 380 268 494 292 434 434
V  676 356 527 294 500 241 588
V  514 345 455 469 395 591 138
V  654 352 452 333 222 525 543
V  314 531 317 590 393 351 402
V  357 312 529 323 383 409 446
V  172 385 355 431 425 562 340
V  475 374 367 506 252 376 572
V  556 297 636 394 482 304 298
V  519 613 528 430 588 230 320
V  409 372 559 504 342 574 149
V  481 220 531 410 253 570 295
V  548 337 630 523 600 214 499
V  433 560 506 236 568 341 501
V  415 389 483 255 281 591 471
V  538 292 572 347 437 507 193
V  515 381 477 288 276 432 581
V  679 439 371 545 171 552 578
V  542 408 285 523 330 523 289
V  426 358 583 250 318 546 345
V  437 458 291 204 632 623 498
V  292 619 598 347 499 301 409
V  343 177 543 425 485 644 490
V  265 590 413 686 588 298 345
V  435 560 476 549 220 324 541
V  477 436 657 460 140 489 529
V  327 345 501 403 394 756 173
V  151 422 488 558 384 589 225
V  459 422 175 372 584 648 531
V  232 351 534 513 293 541 232
V  542 309 444 390 622 289 322
V  585 389 328 496 250 380 614
V  602 424 485 292 387 284 415
V  437 459 344 201 484 667 353
V  700 193 414 420 497 381 396
V  533 521 291 448 396 277 476
V  554 522 473 366 244 362 406
V  494 433 684 294 205 485 386
V  429 516 436 631 266 309 387
V  452 234 639 622 496 304 481
V  288 590 473 330 249 662 444
V  184 365 438 369 379 586 392
V  336 456 517 496 212 369 465
V  593 246 478 290 495 454 467
V  536 492 460 397 580 180 535
V  234 440 564 389 281 497 492
V  311 614 500 733 418 205 509
V  340 423 258 470 578 431 294
V  278 556 471 664 326 291 482
V  268 532 563 499 615 294 331
V  383 587 492 636 336 229 514
V  277 543 330 545 447 327 481
V  235 325 575 356 462 700 323
V  486 690 217 410 289 594 647
V  393 329 446 310 306 496 404
V  622 392 533 364 375 333 268
V  361 158 583 534 484 523 479
V  404 339 413 572 276 426 276
V  582 241 352 425 461 664 261
V  495 461 673 497 499 158 443
V  548 448 195 359 409 559 631
V  174 422 491 376 397 516 459
V  251 260 531 607 417 459 313
V  356 452 680 547 273 232 375
V  286 374 330 496 361 599 240
V  402 396 647 324 496 399 254
V  198 368 514 444 317 523 449
V  286 458 443 533 416 269 391
V  262 411 273 430 395 563 424
V  440 367 431 307 267 685 319
V  546 387 573 284 485 604 181
V  231 333 502 561 387 362 457
V  482 456 444 428 318 265 378
V  454 577 416 373 530 205 478
V  339 564 325 383 592 438 232
V  301 498 660 558 266 305 347
V  504 319 632 400 382 391 226
V  339 176 492 511 525 659 371
V  314 271 595 358 406 606 281
V  600 193 357 413 518 438 431
V  482 373 641 519 538 499 141
V  235 251 436 520 431 637 343
V  420 386 616 541 258 300 262
V  379 498 678 372 525 278 310
V  316 549 498 341 452 383 290
V  307 501 554 507 351 323 287
V  477 478 507 315 430 464 190
V  239 252 487 434 391 622 462
V  248 558 650 453 247 601 333
V  460 612 164 460 442 636 688
V  345 504 410 333 490 646 174
V  403 500 652 560 172 415 372
V  366 548 572 399 271 319 426
V  266 566 535 339 300 437 410
V  502 277 665 421 176 601 333
V  289 479 613 518 226 386 406
V  328 482 518 419 329 268 466
V  343 510 553 408 181 446 417
V  273 458 402 408 288 369 383
V  307 508 558 581 210 327 449
V  218 489 347 254 399 465 452
V  354 450 543 525 186 432 365
V  371 442 494 575 195 395 336

