C name=rnd_4_100_20.vlp, rows=20, cols=100, objs=4
C vertices=113, facets=433

V  244 418 306 295
V  97 409 587 621
V  159 451 349 461
V  148 454 424 352
V  428 109 551 463
V  192 347 409 335
V  360 332 237 495
V  149 296 554 601
V  508 309 552 208
V  99 523 552 462
V  162 319 367 477
V  208 496 449 249
V  199 521 307 256
V  499 105 470 446
V  312 477 199 426
V  369 137 615 558
V  129 494 446 388
V  437 191 507 320
V  237 237 477 531
V  112 443 562 493
V  265 212 559 567
V  342 611 242 191
V  374 305 553 259
V  429 363 532 206
V  107 390 564 643
V  337 546 331 193
V  277 381 268 399
V  144 385 394 455
V  522 123 515 358
V  404 403 328 201
V  174 485 324 333
V  187 355 350 400
V  409 174 422 400
V  472 413 493 193
V  170 298 399 501
V  186 307 441 402
V  336 521 304 198
V  114 414 500 529
V  508 322 503 203
V  588 210 321 416
V  248 248 536 404
V  142 414 456 419
V  349 345 349 254
V  194 286 473 426
V  204 393 385 302
V  266 500 258 259
V  252 345 285 476
V  480 424 164 449
V  359 231 352 468
V  602 169 578 303
V  517 161 374 419
V  212 469 279 431
V  200 444 336 294
V  305 249 366 409
V  502 400 171 370
V  434 386 192 449
V  274 223 455 492
V  341 472 195 331
V  366 508 178 254
V  213 561 360 247
V  352 559 164 381
V  433 495 155 386
V  309 291 312 533
V  534 292 310 311
V  453 251 573 261
V  445 258 494 268
V  587 219 542 272
V  299 529 227 251
V  376 292 421 276
V  463 156 408 459
V  530 268 269 380
V  477 364 188 447
V  218 489 347 254
V  290 232 497 393
V  453 264 524 256
V  252 551 244 386
V  240 269 504 380
V  189 276 598 515
V  413 236 318 428
V  556 244 598 248
V  324 184 495 472
V  574 348 184 424
V  408 459 172 463
V  437 458 291 204
V  497 341 366 227
V  529 144 410 416
V  241 464 275 336
V  492 249 486 267
V  343 177 543 425
V  385 368 220 418
V  263 345 428 297
V  479 234 331 364
V  449 262 327 343
V  237 505 262 354
V  339 176 492 511
V  395 180 414 455
V  313 228 398 433
V  298 211 529 417
V  337 513 182 349
V  459 422 175 372
V  387 510 167 331
V  494 411 243 267
V  501 186 619 301
V  326 590 231 218
V  504 320 306 290
V  405 391 196 544
V  259 451 364 249
V  604 315 221 388
V  554 153 451 366
V  442 283 387 280
V  417 153 454 424
V  547 319 237 363
V  481 434 187 306

