C name=rnd_5_100_20.vlp, rows=20, cols=100, objs=5
C vertices=328, facets=3121

V  228 339 408 370 330
V  97 409 587 621 396
V  499 105 470 446 424
V  433 495 155 386 424
V  342 611 242 191 560
V  512 316 352 483 211
V  360 332 237 495 458
V  436 511 569 427 126
V  366 508 178 254 555
V  508 322 503 203 519
V  199 521 307 256 455
V  583 492 353 491 169
V  398 617 300 452 203
V  425 219 354 425 286
V  149 296 554 601 453
V  561 445 507 459 119
V  574 348 184 424 618
V  570 423 613 269 201
V  517 161 374 419 451
V  349 345 349 254 479
V  178 338 633 576 305
V  445 245 543 273 348
V  472 413 493 193 588
V  359 405 382 346 214
V  312 477 199 426 592
V  277 381 268 399 361
V  311 512 263 248 399
V  484 448 254 473 224
V  159 451 349 461 594
V  516 526 388 420 158
V  522 123 515 358 405
V  337 513 182 349 504
V  598 347 189 424 453
V  529 208 705 434 203
V  438 381 514 210 320
V  240 516 365 386 274
V  378 512 226 312 342
V  162 319 367 477 479
V  212 469 279 431 577
V  237 505 262 354 489
V  99 523 552 462 477
V  299 529 227 251 470
V  593 168 469 427 258
V  376 391 265 400 282
V  352 298 450 426 222
V  203 554 661 567 254
V  369 137 615 558 478
V  611 360 451 501 156
V  580 395 272 527 226
V  634 297 730 355 161
V  244 418 306 295 449
V  549 130 566 519 354
V  499 373 384 206 484
V  650 293 463 464 173
V  372 470 224 263 459
V  112 443 562 493 345
V  748 469 435 497 140
V  352 559 164 381 616
V  430 609 286 393 248
V  530 268 269 380 438
V  554 338 575 539 127
V  497 382 493 327 176
V  514 323 420 237 423
V  404 259 363 410 269
V  192 347 409 335 466
V  541 217 491 326 313
V  208 496 449 249 386
V  554 439 630 359 130
V  324 184 495 472 342
V  404 403 328 201 581
V  502 400 171 370 451
V  231 516 517 275 311
V  585 240 294 463 466
V  253 497 324 377 297
V  366 529 190 315 413
V  148 454 424 352 442
V  246 428 473 486 254
V  416 315 535 278 280
V  418 198 459 367 311
V  428 471 385 280 255
V  397 351 256 415 299
V  183 442 409 331 336
V  588 210 321 416 589
V  331 220 650 462 275
V  144 385 394 455 410
V  267 366 442 388 271
V  413 236 318 428 357
V  529 144 410 416 380
V  252 345 285 476 449
V  187 311 455 458 352
V  218 489 347 254 399
V  433 542 442 446 144
V  146 323 660 587 368
V  428 109 551 463 436
V  360 549 252 207 476
V  337 546 331 193 475
V  374 305 553 259 446
V  481 315 238 472 372
V  405 391 196 544 621
V  305 249 366 409 348
V  424 622 205 386 327
V  499 379 571 200 441
V  514 383 207 367 380
V  453 337 403 556 201
V  490 181 671 416 262
V  596 385 287 267 420
V  549 263 571 252 376
V  432 394 433 203 399
V  553 656 182 481 300
V  213 561 360 247 471
V  633 198 613 336 256
V  499 236 701 413 193
V  483 436 547 228 282
V  434 386 192 449 672
V  493 298 274 469 301
V  545 274 325 334 377
V  343 533 412 200 396
V  404 408 346 279 336
V  547 332 698 439 138
V  204 393 385 302 410
V  476 209 399 365 329
V  546 198 596 300 310
V  343 510 553 408 181
V  378 491 214 251 484
V  259 451 364 249 512
V  153 471 515 405 323
V  298 605 385 481 216
V  187 355 350 400 391
V  336 521 304 198 510
V  186 307 441 402 382
V  445 357 347 245 465
V  563 196 465 406 248
V  107 390 564 643 465
V  385 368 220 418 370
V  127 380 481 547 409
V  307 506 446 250 307
V  288 364 514 432 237
V  287 455 420 246 357
V  436 601 255 550 237
V  525 368 580 251 239
V  226 338 489 476 293
V  474 328 575 255 274
V  364 399 438 315 238
V  486 690 217 410 289
V  279 410 252 433 425
V  142 414 456 419 358
V  445 258 494 268 375
V  241 509 415 280 324
V  333 266 451 329 360
V  429 404 637 507 134
V  361 259 590 432 231
V  355 332 430 261 400
V  604 315 221 388 448
V  500 515 680 316 174
V  449 262 327 343 391
V  580 187 667 340 268
V  408 459 172 463 512
V  421 394 229 333 404
V  477 364 188 447 539
V  517 406 227 324 390
V  410 395 427 286 257
V  301 574 512 462 198
V  366 299 523 271 404
V  395 180 414 455 330
V  674 497 593 326 140
V  205 508 388 263 376
V  326 590 231 218 548
V  174 485 324 333 543
V  247 336 561 520 259
V  225 430 401 442 288
V  516 375 341 352 260
V  491 588 170 457 338
V  619 214 701 358 209
V  426 220 596 355 294
V  260 395 385 345 293
V  305 481 432 303 258
V  366 536 333 214 397
V  542 251 305 377 367
V  497 341 366 227 574
V  429 499 574 321 198
V  252 384 639 524 248
V  306 253 380 465 318
V  493 250 466 343 280
V  480 424 164 449 589
V  468 482 222 254 445
V  376 292 421 276 417
V  114 414 500 529 397
V  313 271 416 408 281
V  322 232 556 414 290
V  494 411 243 267 530
V  506 181 403 386 339
V  302 482 600 496 203
V  313 228 398 433 342
V  359 231 352 468 357
V  504 320 306 290 493
V  196 299 549 506 337
V  310 475 488 272 282
V  487 283 270 436 367
V  641 303 607 455 150
V  382 587 619 384 170
V  263 345 428 297 430
V  490 275 561 407 184
V  295 433 365 323 280
V  681 503 470 426 129
V  506 343 633 333 185
V  157 340 561 532 339
V  244 582 614 479 232
V  309 291 312 533 490
V  460 209 667 395 252
V  591 288 294 336 444
V  492 311 463 325 254
V  397 547 336 438 194
V  534 292 310 311 503
V  172 385 355 431 425
V  546 211 547 295 337
V  148 408 622 591 310
V  380 478 336 240 357
V  445 478 191 383 353
V  520 247 565 428 194
V  194 286 473 426 376
V  502 376 549 296 200
V  445 404 509 247 271
V  200 444 336 294 498
V  147 344 674 567 351
V  429 363 532 206 548
V  266 521 270 320 398
V  500 373 289 276 434
V  537 448 295 246 403
V  368 366 522 352 223
V  415 389 483 255 281
V  442 283 387 280 472
V  463 156 408 459 451
V  628 204 557 367 232
V  252 551 244 386 601
V  422 484 304 273 334
V  535 230 410 319 392
V  437 191 507 320 454
V  289 586 603 365 225
V  453 251 573 261 390
V  449 378 651 276 243
V  409 174 422 400 442
V  266 500 258 259 540
V  479 234 331 364 401
V  129 494 446 388 490
V  342 232 373 465 327
V  547 319 237 363 507
V  567 397 637 318 162
V  522 172 550 444 270
V  426 435 510 526 152
V  174 602 413 308 404
V  170 298 399 501 473
V  492 249 486 267 556
V  602 169 578 303 398
V  269 356 525 351 302
V  285 413 364 425 268
V  508 309 552 208 492
V  582 375 177 472 541
V  182 460 445 497 307
V  340 526 611 617 175
V  290 232 497 393 476
V  459 422 175 372 584
V  481 493 181 288 482
V  520 297 550 249 317
V  610 330 225 421 382
V  237 237 477 531 475
V  439 415 328 261 374
V  217 297 621 550 303
V  481 434 187 306 589
V  467 347 535 213 379
V  553 600 405 413 154
V  340 541 426 427 199
V  433 465 441 249 279
V  453 264 524 256 417
V  679 439 371 545 171
V  474 326 475 276 298
V  561 313 541 317 217
V  354 223 435 442 298
V  156 336 547 476 369
V  556 244 598 248 599
V  199 272 443 520 422
V  265 212 559 567 384
V  551 263 506 320 274
V  291 481 279 475 331
V  643 287 586 364 184
V  235 251 436 520 431
V  248 248 536 404 540
V  517 347 233 342 497
V  312 311 521 357 293
V  208 309 527 502 318
V  274 223 455 492 567
V  189 436 575 503 288
V  437 459 344 201 484
V  554 153 451 366 491
V  158 325 685 645 345
V  298 211 529 417 470
V  556 242 511 315 295
V  437 458 291 204 632
V  330 476 698 578 185
V  341 472 195 331 643
V  164 315 579 500 363
V  387 510 167 331 560
V  343 177 543 425 485
V  417 153 454 424 436
V  198 368 514 444 317
V  322 259 510 456 266
V  478 134 647 536 366
V  575 246 329 355 387
V  591 208 326 427 461
V  201 545 623 349 298
V  351 338 555 375 234
V  288 590 473 330 249
V  505 360 465 213 405
V  378 455 649 538 159
V  209 610 390 431 302
V  189 276 598 515 422
V  240 269 504 380 546
V  501 186 619 301 497
V  345 280 414 483 259
V  623 505 633 293 171
V  542 236 474 391 231
V  279 527 710 609 210
V  337 583 630 498 177
V  241 464 275 336 628
V  556 569 532 394 136
V  587 219 542 272 459
V  339 176 492 511 525
V  538 295 385 271 458
V  506 394 279 264 459

