C name=rnd_3_100_20.vlp, rows=20, cols=100, objs=3
C vertices=40, facets=75

V  162 319 367
V  499 105 470
V  433 495 155
V  97 409 587
V  360 332 237
V  369 137 615
V  144 385 394
V  149 296 554
V  588 210 321
V  428 109 551
V  170 298 399
V  107 390 564
V  352 559 164
V  237 237 477
V  359 231 352
V  574 348 184
V  517 161 374
V  274 223 455
V  99 523 552
V  477 364 188
V  114 414 500
V  309 291 312
V  312 477 199
V  252 345 285
V  405 391 196
V  413 236 318
V  174 485 324
V  265 212 559
V  480 424 164
V  408 459 172
V  305 249 366
V  463 156 408
V  212 469 279
V  339 176 492
V  129 494 446
V  159 451 349
V  502 400 171
V  252 551 244
V  395 180 414
V  313 228 398

