C name=rnd_4_225_30.vlp, rows=30, cols=225, objs=4
C vertices=343, facets=1387

V  306 508 380 395
V  758 604 605 152
V  132 838 780 778
V  713 162 811 859
V  523 925 128 570
V  346 741 525 233
V  828 252 763 320
V  682 216 361 632
V  681 511 294 314
V  491 700 169 366
V  759 655 453 190
V  712 514 163 740
V  398 644 165 773
V  497 380 825 250
V  195 350 623 584
V  481 740 428 216
V  604 644 163 354
V  478 314 570 369
V  622 174 454 666
V  468 656 604 183
V  489 435 257 539
V  327 976 175 555
V  578 673 146 622
V  799 534 532 194
V  291 805 332 366
V  715 525 645 155
V  272 433 657 355
V  802 289 272 818
V  189 711 552 380
V  701 212 531 468
V  476 510 299 334
V  162 495 650 717
V  416 632 644 199
V  340 231 664 628
V  579 617 556 169
V  648 462 480 249
V  559 687 232 308
V  643 603 336 256
V  379 627 497 225
V  654 425 225 460
V  469 905 136 449
V  643 264 684 327
V  357 484 746 253
V  597 581 218 331
V  448 222 529 547
V  329 357 406 656
V  553 171 816 783
V  151 854 618 614
V  566 198 419 618
V  576 451 188 716
V  656 456 246 392
V  483 422 691 235
V  480 580 594 182
V  393 601 184 561
V  263 755 515 286
V  358 306 677 451
V  670 167 815 597
V  258 269 669 785
V  548 568 164 509
V  410 581 297 313
V  480 665 152 751
V  685 393 320 401
V  421 484 208 768
V  342 414 718 293
V  225 588 292 763
V  574 516 226 382
V  275 862 266 469
V  339 572 621 240
V  183 619 664 431
V  182 393 564 712
V  338 256 506 731
V  715 621 457 193
V  701 367 847 223
V  208 512 515 411
V  502 456 771 207
V  713 208 807 433
V  558 460 621 216
V  698 164 763 789
V  465 369 710 270
V  372 604 188 701
V  634 749 145 467
V  738 167 788 620
V  484 519 181 798
V  417 791 227 363
V  463 565 439 235
V  232 343 648 523
V  580 171 594 789
V  684 576 300 283
V  539 715 630 173
V  611 724 483 187
V  214 814 471 359
V  760 482 576 201
V  667 718 294 270
V  556 608 254 304
V  629 671 398 219
V  524 671 562 178
V  507 231 545 482
V  743 332 264 582
V  309 506 306 534
V  418 885 158 471
V  367 945 143 611
V  297 549 256 671
V  181 640 449 546
V  417 346 491 416
V  292 490 522 333
V  498 492 719 195
V  733 224 602 415
V  267 323 515 622
V  323 222 668 727
V  611 252 613 380
V  252 326 519 641
V  139 817 643 868
V  685 165 863 667
V  759 231 778 367
V  240 421 586 408
V  305 233 629 743
V  199 344 673 718
V  145 762 730 665
V  270 528 367 429
V  538 407 283 446
V  465 202 510 624
V  448 813 159 433
V  390 659 405 246
V  585 292 310 697
V  641 191 558 555
V  732 203 462 547
V  360 519 257 573
V  620 185 444 629
V  664 410 207 789
V  478 295 636 372
V  318 509 256 747
V  621 192 713 537
V  690 344 267 530
V  730 188 788 510
V  239 751 416 373
V  161 731 511 737
V  469 274 368 683
V  505 447 373 343
V  710 514 221 376
V  664 203 489 524
V  605 453 199 553
V  504 580 162 759
V  188 430 644 514
V  640 495 399 272
V  254 585 301 532
V  657 466 304 344
V  226 829 313 559
V  357 897 149 578
V  631 389 855 215
V  508 522 370 281
V  203 428 561 469
V  739 736 415 207
V  264 355 719 470
V  260 581 451 336
V  266 445 399 572
V  310 675 322 379
V  426 368 314 651
V  292 389 500 464
V  448 314 368 607
V  398 267 686 486
V  192 569 449 514
V  446 649 167 484
V  489 679 152 652
V  295 997 185 767
V  344 249 529 658
V  662 289 550 372
V  582 182 542 620
V  294 732 256 482
V  418 520 511 248
V  510 326 641 316
V  508 587 224 361
V  423 199 650 747
V  409 544 250 458
V  461 453 284 462
V  605 194 473 589
V  562 486 210 481
V  445 368 291 844
V  366 430 375 470
V  255 297 698 604
V  603 505 549 203
V  599 378 740 235
V  714 330 253 745
V  287 503 685 315
V  266 868 387 352
V  152 713 590 782
V  399 556 300 350
V  274 621 245 673
V  417 989 131 584
V  173 768 486 483
V  436 432 636 261
V  680 201 729 472
V  353 613 230 485
V  610 608 496 186
V  759 612 522 175
V  449 677 183 406
V  630 318 868 261
V  241 478 369 732
V  433 357 639 323
V  326 294 606 504
V  374 425 833 273
V  136 796 680 785
V  324 502 593 280
V  283 433 363 808
V  205 362 559 683
V  497 562 227 398
V  737 319 796 255
V  585 405 255 488
V  701 754 147 438
V  198 562 368 752
V  405 408 314 575
V  512 578 169 505
V  473 280 448 509
V  446 283 565 425
V  431 465 371 347
V  779 381 559 280
V  313 247 574 651
V  616 450 409 302
V  567 344 357 455
V  175 632 467 860
V  347 482 366 413
V  446 743 238 320
V  573 530 649 176
V  167 676 598 534
V  618 412 820 207
V  184 627 598 438
V  756 594 421 220
V  551 639 620 172
V  184 661 412 629
V  364 557 469 265
V  689 478 375 291
V  158 710 548 654
V  334 797 155 764
V  310 402 647 346
V  392 243 481 668
V  642 742 269 285
V  296 641 487 278
V  412 481 258 555
V  523 359 498 356
V  539 243 616 429
V  216 625 375 526
V  598 307 753 281
V  282 900 237 553
V  562 355 804 249
V  243 589 417 415
V  385 474 273 576
V  152 612 665 724
V  527 178 835 720
V  595 174 676 660
V  195 541 405 669
V  226 350 551 595
V  434 316 349 840
V  683 362 299 469
V  386 508 440 301
V  357 773 433 254
V  433 590 539 208
V  320 649 250 485
V  411 328 768 368
V  354 586 207 669
V  377 507 221 809
V  299 754 359 344
V  692 375 288 462
V  638 172 694 614
V  223 808 350 476
V  458 629 286 301
V  486 498 249 442
V  594 366 919 229
V  542 386 256 665
V  170 569 598 586
V  155 734 553 865
V  574 326 325 516
V  549 475 193 613
V  190 471 502 597
V  176 789 449 566
V  178 547 659 521
V  185 424 523 758
V  329 717 178 768
V  510 467 497 268
V  391 711 307 300
V  350 714 174 628
V  460 402 445 356
V  222 454 486 507
V  308 397 406 580
V  318 624 349 357
V  354 599 369 304
V  783 295 832 274
V  256 409 487 498
V  377 684 165 697
V  614 448 768 195
V  400 784 159 511
V  420 569 247 421
V  229 357 524 648
V  436 661 217 376
V  443 664 260 316
V  465 510 566 222
V  603 417 552 262
V  555 371 569 303
V  222 567 329 680
V  630 252 392 551
V  402 462 237 812
V  214 490 453 555
V  581 325 759 270
V  595 538 468 226
V  461 708 264 305
V  644 335 671 281
V  227 646 351 518
V  782 276 727 301
V  308 305 567 520
V  304 876 181 741
V  675 275 799 307
V  160 686 613 593
V  463 477 442 294
V  613 336 874 250
V  321 325 512 536
V  457 276 702 421
V  407 240 477 649
V  362 236 541 646
V  227 524 389 579
V  634 356 383 409
V  396 326 449 525
V  355 757 155 840
V  325 918 159 790
V  459 705 152 675
V  449 377 496 360
V  404 420 565 314
V  407 658 165 674
V  480 234 600 494
V  490 283 780 382
V  219 646 338 609
V  259 800 243 739
V  544 187 831 621
V  232 726 328 514
V  214 452 445 721
V  431 553 368 288
V  417 315 693 386
V  515 433 806 215
V  581 389 884 221
V  492 414 516 303
V  232 388 483 716
V  358 825 335 308
V  415 445 514 310
V  208 498 464 541
V  537 459 444 290
V  447 457 585 257

