C name=rnd_6_100_20.vlp, rows=20, cols=100, objs=6
C vertices=1041, facets=28933

V  401 261 364 400 334 373
V  97 409 587 621 396 579
V  342 611 242 191 560 694
V  231 516 517 275 311 626
V  369 137 615 558 478 562
V  192 347 409 335 466 557
V  561 445 507 459 119 556
V  574 348 184 424 618 558
V  307 508 558 581 210 327
V  149 296 554 601 453 601
V  261 267 576 424 512 404
V  508 309 552 208 492 522
V  219 366 586 488 283 428
V  401 584 534 340 503 196
V  231 422 320 479 437 370
V  324 184 495 472 342 595
V  666 331 551 254 483 274
V  194 286 473 426 376 644
V  162 319 367 477 479 514
V  634 297 730 355 161 415
V  199 521 307 256 455 645
V  177 334 619 520 335 487
V  489 415 300 302 661 257
V  249 337 480 414 296 451
V  237 237 477 531 475 549
V  99 523 552 462 477 653
V  387 354 429 262 487 369
V  436 511 569 427 126 562
V  254 313 358 504 433 353
V  240 516 365 386 274 603
V  561 356 262 449 325 340
V  378 491 214 251 484 504
V  433 495 155 386 424 711
V  556 179 527 365 385 372
V  352 298 450 426 222 513
V  428 109 551 463 436 617
V  435 289 475 302 594 316
V  384 494 596 271 304 410
V  244 582 614 479 232 407
V  265 212 559 567 384 540
V  218 489 347 254 399 465
V  309 563 553 577 437 183
V  174 602 413 308 404 596
V  253 497 324 377 297 442
V  479 234 331 364 401 730
V  142 414 456 419 358 670
V  246 428 473 486 254 413
V  478 404 241 429 596 268
V  250 256 517 551 447 415
V  183 442 409 331 336 567
V  289 586 603 365 225 498
V  238 454 474 409 371 312
V  338 481 375 599 588 232
V  189 436 575 503 288 406
V  340 540 187 308 595 497
V  360 332 237 495 458 572
V  144 385 394 455 410 633
V  187 355 350 400 391 549
V  301 574 512 462 198 414
V  397 351 256 415 299 496
V  521 369 397 321 284 400
V  517 516 668 391 250 237
V  241 509 415 280 324 526
V  373 334 272 408 454 352
V  502 400 171 370 451 674
V  279 410 252 433 425 442
V  546 477 405 466 235 319
V  320 574 612 450 502 172
V  398 617 300 452 203 557
V  445 245 543 273 348 631
V  148 454 424 352 442 622
V  522 444 339 419 310 279
V  305 249 366 409 348 527
V  340 526 611 617 175 369
V  224 301 497 491 384 416
V  563 196 465 406 248 514
V  512 316 352 483 211 492
V  158 325 685 645 345 549
V  428 471 385 280 255 596
V  208 496 449 249 386 565
V  487 283 270 436 367 415
V  364 399 438 315 238 485
V  428 308 448 306 371 343
V  429 404 637 507 134 506
V  461 427 542 310 537 214
V  435 470 385 483 493 203
V  217 377 346 424 581 386
V  561 553 494 292 344 299
V  221 416 439 507 352 322
V  183 317 439 521 445 419
V  413 236 318 428 357 584
V  160 363 714 587 323 453
V  288 235 433 485 369 484
V  170 445 408 595 537 381
V  529 144 410 416 380 495
V  456 455 467 222 666 326
V  674 396 538 506 137 461
V  463 156 408 459 451 440
V  208 309 527 502 318 554
V  549 479 668 446 287 175
V  123 391 620 616 438 468
V  244 418 306 295 449 624
V  413 506 332 307 682 252
V  234 415 381 326 600 376
V  433 542 442 446 144 598
V  352 428 541 487 249 275
V  418 198 459 367 311 661
V  366 508 178 254 555 615
V  200 478 620 597 354 327
V  484 448 254 473 224 515
V  446 410 579 351 333 241
V  322 232 556 414 290 555
V  273 458 402 408 288 369
V  353 448 468 546 221 332
V  580 306 389 342 301 347
V  476 388 373 250 657 304
V  593 168 469 427 258 524
V  352 559 164 381 616 588
V  503 326 496 474 188 395
V  555 341 258 416 391 310
V  376 194 619 392 454 449
V  189 384 334 434 455 441
V  291 481 279 475 331 396
V  502 520 615 530 168 362
V  641 303 607 455 150 436
V  266 229 574 529 379 488
V  207 305 513 446 348 510
V  313 271 416 408 281 519
V  425 219 354 425 286 473
V  174 485 324 333 543 610
V  145 445 623 541 358 445
V  277 455 351 286 507 358
V  378 392 558 442 195 401
V  564 373 316 516 469 227
V  434 464 207 283 624 407
V  470 356 602 419 253 248
V  260 417 316 384 488 368
V  343 510 553 408 181 446
V  349 496 218 346 433 506
V  449 262 327 343 391 720
V  598 408 520 387 263 245
V  402 495 273 434 617 263
V  295 297 416 474 372 350
V  285 468 298 257 484 417
V  142 338 536 557 442 518
V  554 338 575 539 127 500
V  404 403 328 201 581 638
V  552 292 459 246 611 480
V  288 364 514 432 237 445
V  376 391 265 400 282 618
V  189 276 598 515 422 554
V  596 385 287 267 420 425
V  625 332 397 273 512 274
V  533 401 214 500 484 385
V  373 393 266 390 347 396
V  640 325 321 413 392 286
V  651 336 380 286 457 275
V  438 513 563 548 335 173
V  690 184 365 416 479 401
V  358 555 239 288 645 402
V  366 327 407 418 528 278
V  500 515 680 316 174 587
V  427 289 340 448 381 313
V  209 610 390 431 302 573
V  359 405 382 346 214 569
V  452 254 471 374 291 350
V  161 298 579 659 430 519
V  153 471 515 405 323 544
V  444 218 535 411 310 350
V  745 391 619 461 477 174
V  525 374 221 452 561 386
V  262 400 497 477 291 319
V  447 190 538 375 442 383
V  440 551 549 565 500 141
V  306 373 355 440 285 460
V  464 232 401 347 544 421
V  201 278 623 573 399 472
V  277 381 268 399 361 550
V  366 529 190 315 413 706
V  479 378 363 353 639 223
V  711 304 560 260 344 426
V  464 468 427 209 414 430
V  376 292 421 276 417 625
V  200 355 474 423 464 409
V  355 316 348 545 463 289
V  404 259 363 410 269 595
V  311 512 263 248 399 552
V  438 381 514 210 320 679
V  533 512 416 352 419 215
V  307 506 446 250 307 633
V  159 346 473 463 394 544
V  351 505 430 344 482 257
V  349 492 434 472 653 221
V  630 386 326 401 294 310
V  582 375 177 472 541 557
V  318 566 463 512 207 377
V  203 455 372 382 450 397
V  499 236 701 413 193 590
V  496 320 619 374 199 374
V  283 464 283 380 373 417
V  272 317 560 531 326 359
V  170 298 399 501 473 553
V  299 529 227 251 470 663
V  211 420 496 363 356 436
V  324 351 406 361 316 392
V  205 508 388 263 376 626
V  158 406 426 408 424 532
V  163 336 608 601 408 423
V  349 345 349 254 479 766
V  186 307 441 402 382 605
V  505 186 420 391 428 395
V  506 394 279 264 459 462
V  321 252 436 534 435 349
V  617 423 637 271 202 460
V  497 529 435 281 466 270
V  394 392 421 451 300 282
V  461 438 614 340 185 419
V  332 263 495 407 500 338
V  284 341 400 362 420 396
V  367 364 314 439 544 298
V  225 430 401 442 288 508
V  564 283 616 299 418 278
V  523 487 440 312 402 248
V  177 425 487 545 422 361
V  468 524 240 399 391 336
V  346 394 512 246 350 505
V  550 552 179 583 565 455
V  260 395 385 345 293 501
V  523 284 462 318 447 278
V  580 187 667 340 268 553
V  426 499 444 337 310 342
V  554 439 630 359 130 535
V  440 215 602 496 450 328
V  460 167 529 374 399 526
V  459 462 337 294 444 316
V  326 334 433 471 276 387
V  564 471 258 453 393 285
V  306 355 321 405 369 400
V  605 399 491 245 521 296
V  306 253 380 465 318 571
V  359 231 352 468 357 418
V  465 409 244 395 323 391
V  571 563 176 559 428 530
V  467 475 284 265 421 375
V  277 534 455 449 470 265
V  295 433 365 323 280 474
V  208 353 422 444 357 454
V  178 382 528 518 344 431
V  447 506 269 496 265 399
V  522 123 515 358 405 683
V  553 219 491 358 285 432
V  595 378 349 278 396 333
V  157 404 470 430 391 525
V  228 339 408 370 330 546
V  360 307 345 356 450 399
V  204 393 385 302 410 539
V  416 315 535 278 280 620
V  322 419 429 548 382 258
V  439 415 328 261 374 510
V  387 367 380 257 514 374
V  560 255 594 455 271 303
V  437 191 507 320 454 710
V  346 392 412 267 374 423
V  157 340 561 532 339 626
V  423 336 430 336 255 432
V  138 437 540 533 374 476
V  491 588 170 457 338 647
V  517 347 233 342 497 545
V  456 518 381 305 580 226
V  248 248 536 404 540 538
V  420 272 512 343 390 343
V  604 315 221 388 448 482
V  405 358 416 299 482 316
V  489 474 294 284 554 301
V  469 353 387 313 622 256
V  206 422 369 336 474 431
V  314 569 617 426 401 212
V  260 496 420 547 451 275
V  293 393 339 544 532 306
V  409 174 422 400 442 549
V  226 338 489 476 293 643
V  395 180 414 455 330 529
V  468 482 222 254 445 467
V  436 179 479 502 377 394
V  432 394 433 203 399 698
V  523 329 597 255 534 304
V  310 412 453 432 554 268
V  415 497 435 333 431 252
V  393 225 428 437 353 373
V  384 480 221 454 567 358
V  326 590 231 218 548 525
V  287 455 420 246 357 476
V  372 470 224 263 459 621
V  529 208 705 434 203 600
V  356 242 473 383 305 504
V  453 426 208 398 394 502
V  648 426 623 231 337 378
V  512 273 403 445 382 289
V  240 269 504 380 546 499
V  399 268 443 330 362 441
V  269 356 525 351 302 537
V  467 347 535 213 379 576
V  718 283 500 323 263 388
V  681 503 470 426 129 517
V  501 186 619 301 497 597
V  502 376 549 296 200 526
V  493 277 342 405 310 368
V  312 311 521 357 293 497
V  337 513 182 349 504 617
V  252 345 285 476 449 515
V  288 365 498 289 373 490
V  492 402 433 270 296 459
V  332 296 450 315 385 497
V  350 564 589 489 200 362
V  433 516 263 276 493 359
V  322 229 509 454 365 439
V  497 382 493 327 176 610
V  432 497 678 358 405 185
V  378 512 226 312 342 595
V  137 423 639 510 354 529
V  541 483 349 497 211 403
V  112 443 562 493 345 647
V  195 420 563 420 363 421
V  674 497 593 326 140 496
V  393 317 479 353 274 403
V  499 105 470 446 424 551
V  360 543 352 674 394 275
V  508 322 503 203 519 527
V  178 338 633 576 305 531
V  514 323 420 237 423 623
V  340 437 353 411 373 321
V  521 522 271 466 220 476
V  484 260 610 334 257 532
V  380 478 336 240 357 563
V  619 214 701 358 209 547
V  461 390 455 528 205 363
V  756 359 593 278 306 304
V  344 594 218 255 543 472
V  549 263 571 252 376 496
V  445 258 494 268 375 636
V  554 153 451 366 491 587
V  114 414 500 529 397 610
V  425 332 317 304 412 589
V  476 209 399 365 329 579
V  310 475 488 272 282 537
V  268 254 602 565 332 488
V  620 203 586 376 263 401
V  468 367 304 480 574 234
V  242 535 353 422 549 350
V  500 334 430 311 558 251
V  585 421 312 338 556 250
V  292 261 662 488 277 532
V  148 408 622 591 310 509
V  656 423 447 276 318 357
V  445 478 191 383 353 600
V  558 390 480 291 289 389
V  179 357 402 379 498 504
V  379 530 662 553 171 387
V  187 311 455 458 352 649
V  582 195 646 392 272 391
V  433 465 441 249 279 512
V  481 434 187 306 589 525
V  373 222 616 428 322 416
V  283 300 522 482 268 496
V  630 486 654 334 197 328
V  343 496 527 366 612 218
V  242 559 478 623 458 268
V  247 336 561 520 259 548
V  591 288 294 336 444 529
V  127 380 481 547 409 602
V  361 259 590 432 231 549
V  499 373 384 206 484 650
V  259 451 364 249 512 411
V  451 562 608 438 565 130
V  266 500 258 259 540 597
V  584 402 564 220 459 349
V  237 505 262 354 489 599
V  591 208 326 427 461 437
V  570 423 613 269 201 492
V  589 321 688 493 539 211
V  252 384 639 524 248 470
V  358 401 562 415 443 236
V  203 554 661 567 254 510
V  579 404 625 439 504 171
V  295 327 483 327 648 371
V  330 476 698 578 185 467
V  394 396 329 585 562 242
V  566 455 455 575 467 170
V  157 384 456 474 378 526
V  230 285 593 563 378 418
V  418 425 487 498 225 322
V  381 541 324 237 585 375
V  692 335 534 267 428 275
V  422 484 304 273 334 615
V  392 160 489 476 463 506
V  602 374 468 253 317 488
V  407 589 529 364 604 156
V  477 259 328 399 548 374
V  389 550 629 587 221 271
V  658 227 462 320 450 368
V  448 394 354 330 512 283
V  318 403 407 244 532 445
V  421 437 280 231 620 454
V  336 251 496 525 311 427
V  343 533 412 200 396 706
V  440 440 479 200 448 533
V  336 521 304 198 510 644
V  561 323 580 292 318 338
V  288 590 473 330 249 662
V  397 402 439 292 579 282
V  602 169 578 303 398 567
V  472 413 493 193 588 583
V  685 368 712 327 179 372
V  608 333 713 400 215 289
V  388 534 252 401 515 333
V  329 391 395 338 676 311
V  513 470 161 488 514 594
V  493 218 697 592 435 301
V  578 181 399 375 457 484
V  523 433 315 273 482 317
V  374 377 373 301 546 321
V  556 242 511 315 295 458
V  530 268 269 380 438 651
V  300 405 383 293 396 385
V  395 269 507 401 246 498
V  480 424 164 449 589 648
V  180 344 545 507 360 449
V  493 180 589 313 455 578
V  494 439 398 227 372 480
V  590 231 582 355 253 391
V  546 198 596 300 310 620
V  575 198 485 487 573 339
V  370 154 630 520 473 510
V  341 480 454 304 465 290
V  494 411 243 267 530 573
V  631 340 489 256 376 385
V  578 555 539 413 169 402
V  574 318 469 309 293 379
V  340 541 426 427 199 482
V  483 564 600 498 386 150
V  320 476 275 380 382 394
V  309 291 312 533 490 524
V  377 551 630 518 482 138
V  236 539 446 316 508 347
V  297 425 304 413 475 347
V  427 491 614 509 441 156
V  561 313 541 317 217 473
V  684 231 445 333 395 369
V  499 474 232 387 352 387
V  396 578 470 491 539 167
V  628 307 675 310 296 307
V  540 512 710 447 550 135
V  366 540 571 645 417 149
V  207 544 450 411 457 349
V  343 177 543 425 485 644
V  374 305 553 259 446 744
V  360 549 252 207 476 541
V  435 326 538 504 478 253
V  556 244 598 248 599 469
V  438 502 673 382 506 145
V  517 161 374 419 451 606
V  556 516 460 563 369 194
V  397 440 439 225 556 380
V  588 210 321 416 589 549
V  415 500 345 226 513 391
V  603 371 590 213 375 500
V  371 546 635 494 381 178
V  355 332 430 261 400 747
V  372 510 469 461 546 200
V  337 546 331 193 475 725
V  500 373 289 276 434 579
V  481 493 181 288 482 569
V  715 360 439 297 335 304
V  364 499 368 257 321 501
V  354 223 435 442 298 539
V  395 492 658 562 301 185
V  536 441 357 257 379 386
V  433 454 184 426 624 530
V  332 425 310 520 467 306
V  271 351 393 406 452 343
V  143 372 451 536 475 464
V  352 437 484 316 596 274
V  435 286 674 588 489 269
V  543 307 629 421 264 268
V  493 298 274 469 301 445
V  525 368 580 251 239 614
V  252 551 244 386 601 570
V  636 377 503 259 367 333
V  433 347 562 288 338 373
V  603 527 468 327 211 446
V  263 345 428 297 430 573
V  247 405 388 282 568 429
V  542 251 305 377 367 540
V  483 436 547 228 282 557
V  500 345 320 477 387 279
V  318 466 392 246 622 357
V  599 389 634 272 260 389
V  388 218 600 486 324 399
V  333 266 451 329 360 688
V  637 401 687 302 351 245
V  580 243 462 433 440 291
V  596 402 533 321 380 245
V  361 499 410 588 481 211
V  337 225 493 512 367 422
V  453 251 573 261 390 650
V  429 363 532 206 548 616
V  575 384 375 389 534 216
V  534 205 355 456 589 383
V  357 307 566 596 413 287
V  446 481 444 356 558 192
V  522 456 515 490 340 186
V  434 523 201 265 517 451
V  480 480 459 455 259 272
V  516 526 388 420 158 598
V  692 374 589 427 168 393
V  449 378 651 276 243 607
V  474 370 530 250 330 470
V  539 358 691 324 257 336
V  450 471 347 516 392 255
V  204 320 666 571 347 420
V  190 422 424 319 390 531
V  517 342 392 294 541 278
V  298 605 385 481 216 450
V  570 381 304 254 475 424
V  504 320 306 290 493 592
V  527 378 204 401 653 440
V  387 510 167 331 560 615
V  484 476 633 331 275 292
V  452 266 438 331 323 443
V  196 299 549 506 337 699
V  523 407 519 209 407 459
V  541 333 584 292 529 251
V  305 481 432 303 258 621
V  649 425 336 479 195 434
V  574 410 253 465 491 261
V  188 382 350 519 530 388
V  147 344 674 567 351 587
V  624 346 314 440 464 252
V  516 375 341 352 260 484
V  499 453 488 270 272 442
V  602 407 528 345 481 205
V  470 449 443 539 572 177
V  482 330 443 274 563 304
V  610 360 569 251 395 327
V  471 413 616 268 280 424
V  546 384 463 248 411 350
V  410 395 427 286 257 675
V  605 336 506 243 431 384
V  474 328 575 255 274 620
V  456 443 701 426 325 192
V  337 583 630 498 177 523
V  506 181 403 386 339 589
V  648 281 642 333 208 428
V  723 322 614 305 230 418
V  336 470 379 283 617 304
V  553 600 405 413 154 559
V  504 149 538 490 435 396
V  292 369 447 330 415 385
V  156 336 547 476 369 582
V  347 390 503 542 378 247
V  527 320 361 298 372 438
V  545 274 325 334 377 566
V  425 503 316 305 516 300
V  353 471 531 447 583 203
V  178 525 555 323 373 542
V  702 325 422 432 540 234
V  554 334 601 254 298 511
V  468 492 650 421 204 335
V  497 341 366 227 574 630
V  561 507 603 234 361 364
V  502 334 408 433 284 313
V  561 281 625 297 262 488
V  345 212 636 531 320 463
V  407 389 557 257 402 395
V  474 326 475 276 298 538
V  420 452 574 320 397 263
V  223 458 518 352 492 349
V  328 482 518 419 329 268
V  481 460 502 412 637 166
V  494 392 360 287 652 251
V  445 507 322 432 515 237
V  643 406 682 326 452 205
V  299 476 285 242 551 496
V  534 292 310 311 503 602
V  399 588 607 459 246 264
V  445 404 509 247 271 573
V  447 443 630 332 490 201
V  366 548 572 399 271 319
V  464 373 444 296 592 262
V  452 403 324 329 326 389
V  682 338 539 257 285 529
V  635 357 373 313 529 241
V  517 387 527 231 628 304
V  727 393 572 275 247 407
V  438 519 630 329 412 224
V  553 656 182 481 300 599
V  147 428 419 410 559 557
V  587 365 402 307 419 274
V  333 430 488 421 447 247
V  293 430 409 323 710 322
V  266 244 423 468 573 536
V  393 470 353 498 210 479
V  459 354 421 220 618 488
V  417 562 245 472 336 387
V  457 293 585 356 258 380
V  107 390 564 643 465 518
V  374 255 531 630 420 322
V  171 471 650 607 375 381
V  436 456 468 316 541 225
V  446 337 597 377 543 242
V  595 270 696 337 220 421
V  408 459 172 463 512 676
V  471 452 518 350 554 181
V  405 491 218 430 430 433
V  592 420 600 354 255 277
V  468 444 491 440 174 440
V  428 372 328 574 469 255
V  497 221 630 507 295 323
V  404 398 302 423 385 330
V  577 466 514 448 532 159
V  512 402 568 231 341 454
V  357 398 487 604 461 232
V  595 364 718 392 144 462
V  213 561 360 247 471 534
V  219 412 376 292 442 484
V  164 315 579 500 363 621
V  177 568 514 350 451 472
V  480 390 296 251 514 461
V  349 276 593 360 402 409
V  736 385 631 368 225 286
V  385 368 220 418 370 607
V  267 233 588 585 349 532
V  366 536 333 214 397 522
V  460 441 459 477 489 192
V  378 553 239 244 471 488
V  313 228 398 433 342 566
V  389 568 640 425 196 380
V  501 316 378 285 427 437
V  594 318 604 270 338 374
V  330 366 421 403 562 289
V  392 421 361 298 372 380
V  633 198 613 336 256 560
V  104 417 670 629 380 548
V  351 481 416 544 204 468
V  351 338 555 375 234 491
V  506 343 633 333 185 646
V  449 137 692 522 414 485
V  566 409 335 349 500 246
V  366 299 523 271 404 725
V  379 398 452 255 584 335
V  520 297 550 249 317 599
V  521 373 418 511 185 437
V  341 472 195 331 643 580
V  535 230 410 319 392 728
V  371 442 494 575 195 395
V  538 295 385 271 458 604
V  498 510 492 422 420 179
V  426 435 510 526 152 542
V  267 334 471 337 522 426
V  492 249 486 267 556 582
V  266 566 535 339 300 437
V  476 270 732 558 428 266
V  643 423 639 273 358 284
V  557 169 622 428 287 421
V  502 483 261 388 319 352
V  548 337 630 523 600 214
V  526 543 198 449 563 385
V  634 208 646 425 355 315
V  530 504 617 274 226 446
V  356 452 680 547 273 232
V  567 324 580 205 602 468
V  368 318 625 469 478 276
V  436 601 255 550 237 511
V  587 457 374 284 360 346
V  560 318 318 401 382 304
V  628 204 557 367 232 644
V  225 391 457 346 376 444
V  328 272 524 347 374 507
V  582 429 513 414 335 211
V  499 379 571 200 441 562
V  415 389 483 255 281 591
V  129 494 446 388 490 676
V  387 428 297 529 333 345
V  194 463 522 447 441 351
V  378 311 332 393 445 346
V  490 181 671 416 262 606
V  587 308 521 329 325 307
V  342 508 385 205 431 625
V  429 475 389 488 620 198
V  121 494 612 481 596 559
V  147 461 529 565 482 416
V  405 407 388 458 627 231
V  399 417 296 285 397 480
V  312 477 199 426 592 582
V  488 452 317 220 451 499
V  334 467 395 442 463 267
V  182 460 445 497 307 592
V  652 347 639 276 436 261
V  205 420 385 421 549 378
V  572 368 604 253 240 582
V  571 449 334 380 277 363
V  557 152 633 586 420 369
V  442 283 387 280 472 758
V  213 345 481 379 432 462
V  400 495 482 301 575 236
V  787 402 447 460 157 475
V  212 469 279 431 577 564
V  517 152 554 347 490 559
V  415 469 423 586 393 219
V  534 326 486 216 464 528
V  413 371 363 270 459 375
V  267 366 442 388 271 540
V  549 130 566 519 354 465
V  302 482 600 496 203 549
V  311 614 500 733 418 205
V  186 517 570 524 311 389
V  487 442 415 489 311 243
V  469 340 284 444 349 345
V  333 487 390 515 230 405
V  480 273 665 473 288 288
V  518 705 179 531 356 572
V  573 561 483 444 145 486
V  410 652 179 452 530 524
V  365 183 560 519 389 460
V  539 586 196 359 396 505
V  472 476 478 195 678 495
V  124 428 599 545 484 508
V  567 397 637 318 162 657
V  493 250 466 343 280 629
V  381 509 323 485 289 352
V  453 337 403 556 201 462
V  410 390 409 208 502 619
V  319 349 377 485 318 373
V  410 520 458 341 592 203
V  174 493 386 367 535 484
V  464 525 286 481 605 243
V  487 431 525 323 482 215
V  368 366 522 352 223 605
V  290 232 497 393 476 627
V  676 356 527 294 500 241
V  238 463 349 505 348 374
V  628 201 580 583 558 312
V  135 390 525 619 480 447
V  430 280 299 465 495 361
V  217 297 621 550 303 604
V  256 473 302 352 433 419
V  424 622 205 386 327 642
V  404 408 346 279 336 694
V  445 473 161 499 645 621
V  203 303 425 447 418 511
V  585 389 328 496 250 380
V  667 390 661 406 148 440
V  440 486 448 361 685 187
V  424 214 516 321 497 567
V  343 405 606 358 564 273
V  541 217 491 326 313 709
V  248 460 355 381 456 360
V  512 558 593 402 193 355
V  446 369 457 259 597 315
V  469 230 459 302 410 617
V  369 371 456 285 354 396
V  332 309 401 310 412 502
V  107 533 591 448 494 629
V  483 368 266 513 473 286
V  489 315 666 356 196 532
V  477 456 341 539 291 301
V  413 431 431 529 201 406
V  478 463 235 411 489 312
V  368 409 546 477 526 221
V  650 293 463 464 173 533
V  322 259 510 456 266 569
V  543 403 410 239 488 349
V  554 434 321 504 371 251
V  271 365 378 317 387 483
V  324 363 373 318 348 485
V  434 548 276 263 570 354
V  534 480 269 327 570 293
V  466 353 669 504 393 226
V  481 472 457 520 401 189
V  159 451 349 461 594 542
V  176 468 499 555 461 362
V  490 275 561 407 184 554
V  423 463 409 367 665 213
V  379 578 290 374 302 433
V  580 395 272 527 226 464
V  431 551 607 514 283 202
V  505 360 465 213 405 631
V  338 511 652 503 454 185
V  474 459 454 259 661 273
V  492 143 656 477 418 421
V  543 453 287 550 267 348
V  328 340 460 401 270 413
V  172 379 421 526 454 410
V  441 150 549 503 461 444
V  477 364 188 447 539 639
V  354 450 543 525 186 432
V  421 305 563 324 547 303
V  198 368 514 444 317 523
V  533 220 477 506 266 426
V  331 220 650 462 275 605
V  537 448 295 246 403 478
V  568 236 454 317 489 405
V  432 568 414 192 541 607
V  545 476 735 531 427 153
V  146 323 660 587 368 631
V  317 222 681 503 336 465
V  448 593 187 387 421 545
V  445 357 347 245 465 612
V  426 220 596 355 294 663
V  575 246 329 355 387 576
V  586 259 309 425 385 379
V  283 367 348 391 377 395
V  317 531 303 676 496 301
V  494 433 684 294 205 485
V  378 455 649 538 159 551
V  372 431 365 298 583 293
V  278 556 471 664 326 291
V  407 606 486 311 510 235
V  489 442 310 442 248 431
V  532 357 559 289 259 441
V  384 402 349 341 563 288
V  642 419 459 379 206 413
V  546 211 547 295 337 625
V  361 481 508 203 477 622
V  277 543 330 545 447 327
V  558 420 625 396 271 231
V  520 247 565 428 194 564
V  473 515 487 478 334 209
V  293 402 498 311 572 345
V  617 260 681 391 348 280
V  415 586 243 305 338 556
V  257 233 527 543 390 501
V  178 582 464 396 542 436
V  393 440 271 671 475 306
V  446 542 178 338 538 542
V  475 374 367 506 252 376
V  628 273 414 325 334 427
V  586 214 515 336 305 468
V  418 455 398 522 187 507
V  139 365 642 543 357 548
V  583 252 642 292 334 429
V  284 461 541 361 588 289
V  443 417 377 338 673 234
V  342 232 373 465 327 539
V  507 496 701 357 200 353
V  514 383 207 367 380 563
V  400 509 574 600 155 443
V  419 376 601 305 318 365
V  606 269 653 527 546 246
V  399 545 311 274 580 322
V  375 423 431 461 213 437
V  191 529 535 383 553 402
V  338 515 640 494 321 219
V  599 367 566 509 167 404
V  350 529 463 567 244 315
V  535 341 389 270 551 311
V  617 427 725 392 270 227
V  268 620 568 539 513 233
V  229 258 445 507 481 510
V  517 406 227 324 390 589
V  241 464 275 336 628 562
V  412 364 606 374 563 247
V  583 492 353 491 169 603
V  342 460 472 574 518 214
V  297 531 582 524 382 222
V  311 444 483 517 310 278
V  504 635 193 409 452 478
V  659 346 508 302 246 441
V  535 391 514 268 623 251
V  465 343 226 520 460 490
V  421 394 229 333 404 743
V  291 508 501 470 397 251
V  598 347 189 424 453 623
V  547 319 237 363 507 555
V  466 410 632 310 301 330
V  433 392 401 298 656 267
V  285 413 364 425 268 582
V  177 469 344 481 469 473
V  399 270 543 309 338 523
V  426 508 450 494 191 408
V  407 514 664 297 229 471
V  654 297 591 287 264 507
V  421 147 737 494 430 487
V  512 378 382 240 510 405
V  486 690 217 410 289 594
V  395 502 345 270 687 305
V  327 500 593 630 389 196
V  522 522 379 526 577 196
V  199 272 443 520 422 669
V  576 355 434 266 369 400
V  234 332 527 584 396 357
V  433 504 332 263 508 338
V  486 173 703 445 299 487
V  685 300 577 247 399 425
V  433 560 506 236 568 341
V  520 324 426 311 347 338
V  289 549 479 289 517 333
V  336 589 340 579 250 404
V  292 520 331 244 442 445
V  325 538 424 573 515 222
V  459 422 175 372 584 648
V  176 454 385 328 457 551
V  152 398 590 606 417 414
V  569 374 366 265 451 332
V  587 219 542 272 459 594
V  405 391 196 544 621 615
V  426 157 612 405 384 577
V  437 458 291 204 632 623
V  643 287 586 364 184 512
V  130 606 452 421 540 615
V  420 352 471 299 468 309
V  547 332 698 439 138 479
V  133 420 449 480 493 554
V  780 396 570 360 168 454
V  611 360 451 501 156 580
V  412 555 266 546 321 372
V  460 209 667 395 252 596
V  440 232 586 491 254 475
V  413 461 450 198 568 549
V  430 487 415 278 314 431
V  534 561 395 335 253 435
V  562 539 603 502 346 160
V  748 469 435 497 140 522
V  399 231 544 526 511 331
V  392 605 384 240 415 406
V  393 329 446 310 306 496
V  555 485 651 263 354 325
V  412 452 350 494 600 224
V  429 499 574 321 198 717
V  395 606 197 420 418 553
V  479 234 614 313 306 564
V  145 497 400 488 460 572
V  245 480 403 266 492 403
V  696 397 736 377 233 272
V  515 225 508 321 501 398
V  503 288 571 288 366 388
V  516 474 381 450 400 225
V  595 421 250 441 354 336
V  654 352 452 333 222 525
V  275 316 585 554 335 354
V  434 386 192 449 672 613
V  248 505 686 680 250 352
V  478 134 647 536 366 531
V  556 569 532 394 136 523
V  385 438 257 472 303 447
V  460 612 164 460 442 636
V  131 452 535 431 416 600
V  610 330 225 421 382 512
V  602 370 595 492 133 483
V  432 516 344 577 312 299
V  383 587 492 636 336 229
V  336 549 483 446 580 211
V  382 587 619 384 170 614
V  357 312 529 323 383 409
V  489 182 574 598 362 367
V  416 530 486 314 588 212
V  533 533 438 399 642 185
V  298 211 529 417 470 666
V  505 529 247 513 246 495
V  279 527 710 609 210 512
V  174 422 491 376 397 516
V  333 207 542 406 539 491
V  522 172 550 444 270 590
V  299 401 394 559 489 279
V  469 260 713 513 211 502
V  231 333 502 561 387 362
V  419 363 495 445 296 271
V  172 385 355 431 425 562
V  380 231 496 355 492 444
V  239 609 565 374 490 315
V  730 355 610 265 361 303
V  397 547 336 438 194 597
V  662 464 460 348 228 393
V  679 439 371 545 171 552
V  492 311 463 325 254 595
V  623 505 633 293 171 562
V  239 252 487 434 391 622
V  516 369 669 423 157 442
V  341 186 574 430 533 530
V  634 199 514 311 484 471
V  417 153 454 424 436 588
V  699 352 624 305 226 385
V  274 223 455 492 567 575
V  370 466 362 347 775 270
V  515 381 477 288 276 432
V  481 315 238 472 372 556
V  381 258 552 391 303 416
V  435 560 476 549 220 324
V  551 263 506 320 274 629
V  620 566 370 484 165 564
V  461 387 434 290 330 391
V  430 609 286 393 248 623
V  370 542 272 524 683 289
V  762 339 584 495 484 209
V  441 458 350 257 449 369
V  234 434 308 535 476 381
V  316 315 470 398 335 392
V  200 444 336 294 498 664
V  585 240 294 463 466 578
V  411 549 264 254 489 408
V  453 264 524 256 417 655
V  251 377 467 427 530 339
V  339 176 492 511 525 659
V  346 423 410 263 323 580
V  106 531 635 470 461 622
V  393 436 252 492 405 367
V  320 543 291 732 535 312
V  526 520 365 465 178 515
V  600 193 357 413 518 438
V  426 358 583 250 318 546
V  189 298 540 635 445 448
V  242 413 329 347 493 421
V  418 578 378 483 194 484
V  315 468 622 577 334 235
V  507 228 426 499 515 337
V  366 379 301 284 518 582
V  416 561 535 500 176 409
V  366 548 572 399 271 319
V  525 481 401 524 515 191
V  266 524 500 611 271 330
V  405 507 261 490 656 274
V  477 436 657 460 140 489
V  201 545 623 349 298 603
V  369 414 580 272 275 566
V  234 440 564 389 281 497
V  361 158 583 534 484 523
V  266 521 270 320 398 688
V  542 236 474 391 231 636
V  536 492 460 397 580 180
V  452 234 639 622 496 304
V  235 251 436 520 431 637
V  336 456 517 496 212 369
V  354 508 600 592 362 188
V  345 280 414 483 259 565
V  272 248 714 557 317 550
V  437 459 344 201 484 667
V  548 448 195 359 409 559
V  266 566 535 339 300 437
V  328 482 518 419 329 268
V  273 458 402 408 288 369
V  218 489 347 254 399 465

