C name=rnd_3_225_30.vlp, rows=30, cols=225, objs=3
C vertices=63, facets=118

V  283 433 363
V  132 838 780
V  195 350 623
V  523 925 128
V  162 495 650
V  295 997 185
V  225 588 292
V  182 393 564
V  622 174 454
V  576 451 188
V  241 478 369
V  802 289 272
V  338 256 506
V  161 731 511
V  136 796 680
V  367 945 143
V  323 222 668
V  185 424 523
V  252 326 519
V  712 514 163
V  205 362 559
V  713 162 811
V  398 644 165
V  334 797 155
V  421 484 208
V  664 410 207
V  318 509 256
V  682 216 361
V  152 713 590
V  155 734 553
V  469 274 368
V  184 661 412
V  417 989 131
V  434 316 349
V  139 817 643
V  258 269 669
V  465 202 510
V  305 233 629
V  585 292 310
V  553 171 816
V  372 604 188
V  232 388 483
V  199 344 673
V  175 632 467
V  313 247 574
V  484 519 181
V  578 673 146
V  566 198 419
V  304 876 181
V  325 918 159
V  198 562 368
V  445 368 291
V  423 199 650
V  714 330 253
V  580 171 594
V  274 621 245
V  329 717 178
V  377 507 221
V  504 580 162
V  480 665 152
V  392 243 481
V  402 462 237
V  355 757 155

